{
    "animation": [
        {
            "name": "Root",
            "time": [0.0, 0.05, 0.1, 0.2, 0.2333, 0.2667, 0.3, 0.3333, 0.4, 0.4667, 0.5333, 0.6, 0.6667, 0.7333, 0.7833, 0.8333, 0.8833, 0.9333, 0.9833, 1.0333, 1.1, 1.1667, 1.6],
            "transform": [
                [-0.331201, -0.09247, -0.939018, -5e-06, -0.926279, -0.157731, 0.342241, 0.000946, -0.17976, 0.983143, -0.033412, 0.595812, 0.0, 0.0, 0.0, 1.0],
                [-0.427287, -0.115936, -0.896652, -5e-06, -0.903601, 0.088209, 0.419194, 0.275922, 0.030493, 0.989332, -0.14245, 0.640257, 0.0, 0.0, 0.0, 1.0],
                [-0.522761, -0.112791, -0.844985, -5e-06, -0.82137, 0.33197, 0.463839, 0.747021, 0.228193, 0.936522, -0.266184, 0.684701, 0.0, 0.0, 0.0, 1.0],
                [-0.570836, -0.104625, -0.814371, -5e-06, -0.796806, 0.309907, 0.518709, 1.034709, 0.198109, 0.944993, -0.260272, 0.648405, 0.0, 0.0, 0.0, 1.0],
                [-0.594124, -0.101061, -0.798, -5e-06, -0.783229, 0.29866, 0.545303, 1.058385, 0.183221, 0.948994, -0.256594, 0.630257, 0.0, 0.0, 0.0, 1.0],
                [-0.616868, -0.097846, -0.780961, -5e-06, -0.768826, 0.287293, 0.571288, 1.083824, 0.168466, 0.952832, -0.252448, 0.612109, 0.0, 0.0, 0.0, 1.0],
                [-0.639039, -0.094982, -0.763288, -5e-06, -0.753628, 0.275827, 0.596628, 1.110987, 0.153866, 0.956503, -0.247845, 0.593961, 0.0, 0.0, 0.0, 1.0],
                [-0.660607, -0.09247, -0.745015, -5e-06, -0.737668, 0.264279, 0.62129, 1.159397, 0.139441, 0.960003, -0.242797, 0.575812, 0.0, 0.0, 0.0, 1.0],
                [-0.909185, -0.177739, -0.376551, -5e-06, -0.415277, 0.32094, 0.8512, 1.364734, -0.030441, 0.930272, -0.365605, 0.558312, 0.0, 0.0, 0.0, 1.0],
                [-0.964529, -0.229149, 0.131054, -5e-06, 0.024173, 0.417703, 0.908262, 1.631287, -0.262869, 0.879212, -0.397348, 0.540812, 0.0, 0.0, 0.0, 1.0],
                [-0.765493, -0.219454, 0.604864, -5e-06, 0.430275, 0.52436, 0.734786, 1.837768, -0.478418, 0.822731, -0.306968, 0.523312, 0.0, 0.0, 0.0, 1.0],
                [-0.660109, -0.194941, 0.725434, -5e-06, 0.472042, 0.64358, 0.602479, 1.91985, -0.584323, 0.740137, -0.332813, 0.517479, 0.0, 0.0, 0.0, 1.0],
                [-0.549263, -0.150727, 0.821944, -5e-06, 0.485951, 0.742573, 0.460909, 1.991086, -0.679825, 0.652584, -0.334622, 0.511646, 0.0, 0.0, 0.0, 1.0],
                [-0.439726, -0.09247, 0.893359, -5e-06, 0.475967, 0.819528, 0.319107, 2.421773, -0.76164, 0.565529, -0.316355, 0.505812, 0.0, 0.0, 0.0, 1.0],
                [0.467679, -0.132773, 0.873869, -5e-06, 0.711799, 0.642721, -0.283288, 4.300947, -0.524041, 0.754507, 0.395095, 0.655199, 0.0, 0.0, 0.0, 1.0],
                [0.87246, -0.104635, -0.477352, -5e-06, -0.314055, 0.628338, -0.711731, 5.853448, 0.37441, 0.770872, 0.515339, 0.614585, 0.0, 0.0, 0.0, 1.0],
                [-0.018844, -0.030417, -0.99936, -5e-06, -0.834506, 0.550997, -0.001035, 6.699624, 0.550676, 0.833952, -0.035766, 0.544278, 0.0, 0.0, 0.0, 1.0],
                [-0.067967, -0.0, -0.997688, -5e-06, -0.857867, 0.510537, 0.058442, 7.271461, 0.509356, 0.859856, -0.0347, 0.573972, 0.0, 0.0, 0.0, 1.0],
                [-0.982918, 0.0, 0.184042, -5e-06, 0.158249, 0.510537, 0.845168, 8.01063, -0.09396, 0.859856, -0.501816, 0.687006, 0.0, 0.0, 0.0, 1.0],
                [0.559298, -0.030908, 0.82839, -5e-06, 0.81412, 0.208759, -0.541875, 8.970685, -0.156186, 0.977479, 0.141921, 0.498482, 0.0, 0.0, 0.0, 1.0],
                [0.611771, 0.121105, -0.78171, -5e-06, -0.786476, 0.19907, -0.58466, 9.373818, 0.08481, 0.972473, 0.217032, 0.508111, 0.0, 0.0, 0.0, 1.0],
                [-0.580811, 0.167943, -0.796526, -5e-06, -0.752405, 0.262733, 0.604035, 9.722604, 0.310717, 0.95014, -0.026237, 0.627739, 0.0, 0.0, 0.0, 1.0],
                [-0.881, -0.0, -0.473116, -5e-06, -0.471147, 0.091131, 0.877334, 10.006714, 0.043115, 0.995839, -0.080286, 0.536997, 0.0, 0.0, 0.0, 1.0]
            ]
        },
        {
            "name": "Thigh_R",
            "time": [0.0, 0.05, 0.1, 0.2, 0.2333, 0.2667, 0.3, 0.3333, 0.4, 0.4667, 0.5333, 0.6, 0.6667, 0.7333, 0.7833, 0.8333, 0.8833, 0.9333, 0.9833, 1.0333, 1.1, 1.1667, 1.6],
            "transform": [
                [0.814092, 0.576479, -0.07018, 0.124994, 0.440104, -0.533584, 0.722217, -0.002831, 0.378897, -0.618837, -0.688098, -1.2e-05, 0.0, 0.0, 0.0, 1.0],
                [0.824652, 0.483271, 0.293937, 0.124994, 0.258667, -0.78433, 0.563841, -0.002831, 0.503032, -0.388941, -0.771806, -1.2e-05, 0.0, 0.0, 0.0, 1.0],
                [0.609314, 0.353549, 0.709747, 0.124994, 0.40117, -0.909534, 0.108668, -0.002831, 0.683959, 0.218516, -0.696025, -1.2e-05, 0.0, 0.0, 0.0, 1.0],
                [0.682811, -0.240837, 0.689759, 0.092362, 0.292681, -0.774865, -0.560287, -0.026875, 0.669408, 0.584449, -0.458598, 0.037897, 0.0, 0.0, 0.0, 1.0],
                [0.731912, -0.472701, 0.490773, 0.076045, 0.200395, -0.539068, -0.818075, -0.038898, 0.651266, 0.697107, -0.299824, 0.056852, 0.0, 0.0, 0.0, 1.0],
                [0.724898, -0.527215, 0.44336, 0.059729, 0.186069, -0.469835, -0.862922, -0.05092, 0.663251, 0.708025, -0.242484, 0.075807, 0.0, 0.0, 0.0, 1.0],
                [0.662765, -0.570932, 0.48454, 0.043413, 0.254679, -0.436632, -0.862839, -0.062943, 0.704189, 0.695261, -0.14398, 0.094761, 0.0, 0.0, 0.0, 1.0],
                [0.636374, -0.501779, 0.585872, 0.027097, 0.295115, -0.543357, -0.785921, -0.074965, 0.712696, 0.673039, -0.197696, 0.113716, 0.0, 0.0, 0.0, 1.0],
                [0.13992, 0.381187, 0.913848, 0.055149, 0.887841, -0.456894, 0.054643, -0.054414, 0.438361, 0.803707, -0.402363, 0.078189, 0.0, 0.0, 0.0, 1.0],
                [-0.783075, 0.62176, -0.014408, 0.083202, 0.108754, 0.159706, 0.981156, -0.033862, 0.612345, 0.766751, -0.19268, 0.042663, 0.0, 0.0, 0.0, 1.0],
                [-0.347836, 0.929676, 0.121291, 0.111255, -0.19136, -0.197044, 0.961538, -0.01331, 0.917819, 0.311247, 0.246443, 0.007136, 0.0, 0.0, 0.0, 1.0],
                [-0.097378, 0.928562, 0.358177, 0.115835, -0.184464, -0.37049, 0.910335, -0.009817, 0.978004, 0.022576, 0.207364, 0.004753, 0.0, 0.0, 0.0, 1.0],
                [0.479818, 0.784911, 0.392031, 0.120414, -0.004712, -0.444514, 0.895759, -0.006324, 0.877355, -0.431648, -0.209588, 0.002371, 0.0, 0.0, 0.0, 1.0],
                [0.868308, 0.376702, 0.322703, 0.124994, 0.056404, -0.721341, 0.690279, -0.00283, 0.492809, -0.581173, -0.647594, -1.2e-05, 0.0, 0.0, 0.0, 1.0],
                [0.806885, -0.502419, -0.310664, 0.124994, -0.475172, -0.864487, 0.163928, -0.002831, -0.350925, 0.015348, -0.936278, -1.2e-05, 0.0, 0.0, 0.0, 1.0],
                [-0.299453, -0.025666, 0.953766, 0.124994, 0.623187, -0.762207, 0.17515, -0.002831, 0.722472, 0.646824, 0.24424, -1.2e-05, 0.0, 0.0, 0.0, 1.0],
                [0.560632, 0.586178, 0.584882, 0.124994, 0.573101, -0.784497, 0.236897, -0.002831, 0.597702, 0.202384, -0.775753, -1.2e-05, 0.0, 0.0, 0.0, 1.0],
                [0.571098, 0.5597, 0.600486, 0.124992, 0.504428, -0.816384, 0.281194, -0.00283, 0.647611, 0.142312, -0.748563, -1.2e-05, 0.0, 0.0, 0.0, 1.0],
                [0.962288, -0.085971, 0.258092, 0.124994, 0.171322, -0.545438, -0.820455, -0.002829, 0.211308, 0.833731, -0.510139, -1.1e-05, 0.0, 0.0, 0.0, 1.0],
                [0.808174, 0.508593, -0.296966, 0.124995, 0.588891, -0.704612, 0.39589, -0.002831, -0.007899, -0.494829, -0.868955, -1.2e-05, 0.0, 0.0, 0.0, 1.0],
                [0.906745, -0.112361, -0.406434, 0.124996, 0.344255, -0.359369, 0.867377, -0.002831, -0.243519, -0.926406, -0.287176, -1.2e-05, 0.0, 0.0, 0.0, 1.0],
                [0.949645, -0.066273, 0.306238, 0.124994, -0.233127, -0.802472, 0.549264, -0.002831, 0.209347, -0.592998, -0.777514, -1.2e-05, 0.0, 0.0, 0.0, 1.0],
                [0.952546, 0.126249, -0.276977, 0.124995, 0.299092, -0.557277, 0.774588, -0.00283, -0.056561, -0.820673, -0.568592, -1.2e-05, 0.0, 0.0, 0.0, 1.0]
            ]
        },
        {
            "name": "Leg_R",
            "time": [0.0, 0.05, 0.1, 0.2, 0.2333, 0.2667, 0.3, 0.3333, 0.4, 0.4667, 0.5333, 0.6, 0.6667, 0.7333, 0.7833, 0.8333, 0.8833, 0.9333, 0.9833, 1.0333, 1.1, 1.1667, 1.6],
            "transform": [
                [0.999073, -0.005775, -0.042647, -0.0, 0.025007, 0.884399, 0.466061, 0.374854, 0.035025, -0.466694, 0.883726, -0.0, 0.0, 0.0, 0.0, 1.0],
                [0.998915, -0.009443, -0.045591, -0.0, 0.040892, 0.646141, 0.762123, 0.374854, 0.022261, -0.763157, 0.645827, -0.0, 0.0, 0.0, 0.0, 1.0],
                [0.998718, -0.011595, -0.04926, 0.0, 0.050206, 0.349174, 0.935714, 0.374854, 0.006351, -0.936984, 0.349309, -0.0, 0.0, 0.0, 0.0, 1.0],
                [0.999036, -0.006928, -0.043337, 0.0, 0.030001, 0.828531, 0.559138, 0.374854, 0.032032, -0.559897, 0.827943, -0.0, 0.0, 0.0, 0.0, 1.0],
                [0.999149, -0.000536, -0.041238, 0.0, 0.002701, 0.998617, 0.052464, 0.374854, 0.041153, -0.05253, 0.997773, -0.0, 0.0, 0.0, 0.0, 1.0],
                [0.999149, -0.000537, -0.041238, 0.0, 0.002702, 0.998617, 0.052464, 0.374854, 0.041153, -0.05253, 0.997773, 0.0, 0.0, 0.0, 0.0, 1.0],
                [0.999149, -0.000536, -0.041238, -0.0, 0.002701, 0.998617, 0.052464, 0.374854, 0.041153, -0.05253, 0.997772, -0.0, 0.0, 0.0, 0.0, 1.0],
                [0.999114, -0.004051, -0.041899, 0.0, 0.017543, 0.944873, 0.326961, 0.374854, 0.038265, -0.327405, 0.94411, -0.0, 0.0, 0.0, 0.0, 1.0],
                [0.999232, -0.015515, -0.035966, 0.0, 0.03887, 0.506209, 0.861535, 0.374854, 0.00484, -0.862269, 0.506425, -0.0, 0.0, 0.0, 0.0, 1.0],
                [0.999101, -0.021066, -0.036777, 0.0, 0.034341, -0.106178, 0.993756, 0.374854, -0.024839, -0.994122, -0.105359, -0.0, 0.0, 0.0, 0.0, 1.0],
                [1.0, 3.6e-05, 4.6e-05, 0.0, -3.8e-05, -0.203197, 0.97914, 0.374854, 4.4e-05, -0.979135, -0.203198, -0.0, 0.0, 0.0, 0.0, 1.0],
                [0.999139, -0.021154, -0.035678, -0.0, 0.034485, -0.054298, 0.997931, 0.374854, -0.023048, -0.998298, -0.053522, -0.0, 0.0, 0.0, 0.0, 1.0],
                [0.9989, -0.017907, -0.043334, 0.0, 0.044862, 0.096245, 0.994348, 0.374853, -0.013635, -0.995194, 0.096943, 0.0, 0.0, 0.0, 0.0, 1.0],
                [0.998847, -0.010394, -0.046871, 0.0, 0.04501, 0.542472, 0.838869, 0.374854, 0.016707, -0.840007, 0.542316, -0.0, 0.0, 0.0, 0.0, 1.0],
                [0.999631, -0.000755, -0.027119, 0.0, 0.002178, 0.998618, 0.052491, 0.374854, 0.027042, -0.05253, 0.998254, 0.0, 0.0, 0.0, 0.0, 1.0],
                [0.99991, -0.000688, -0.01339, -0.0, 0.00139, 0.998619, 0.052516, 0.374854, 0.013335, -0.05253, 0.998531, -0.0, 0.0, 0.0, 0.0, 1.0],
                [0.999977, -0.000374, -0.006661, 0.0, 0.000724, 0.998619, 0.052527, 0.374854, 0.006632, -0.05253, 0.998597, 0.0, 0.0, 0.0, 0.0, 1.0],
                [1.0, 0.0, 3e-06, -0.0, -0.0, 0.99862, 0.05253, 0.374853, -3e-06, -0.05253, 0.998619, 0.0, 0.0, 0.0, 0.0, 1.0],
                [1.0, -8e-06, 3e-06, 1e-06, 8e-06, 0.998619, 0.05253, 0.374854, -3e-06, -0.05253, 0.998619, 0.0, 0.0, 0.0, 0.0, 1.0],
                [1.0, 3.6e-05, 3.4e-05, 0.0, -3.9e-05, 0.13323, 0.991085, 0.374854, 3.1e-05, -0.991085, 0.13323, -0.0, 0.0, 0.0, 0.0, 1.0],
                [1.0, 3.6e-05, 3.5e-05, -0.0, -3.9e-05, 0.0854, 0.996347, 0.374854, 3.3e-05, -0.996346, 0.0854, -1e-06, 0.0, 0.0, 0.0, 1.0],
                [1.0, 1.6e-05, 6e-06, 0.0, -1.7e-05, 0.891019, 0.453967, 0.374853, 2e-06, -0.453967, 0.891019, -0.0, 0.0, 0.0, 0.0, 1.0],
                [1.0, 3.3e-05, 2.5e-05, -0.0, -3.6e-05, 0.37035, 0.928893, 0.374855, 2.2e-05, -0.928892, 0.37035, -1e-06, 0.0, 0.0, 0.0, 1.0]
            ]
        },
        {
            "name": "Knee_R",
            "time": [0.0, 0.05, 0.1, 0.2, 0.2333, 0.2667, 0.3, 0.3333, 0.4, 0.4667, 0.5333, 0.6, 0.6667, 0.7333, 0.7833, 0.8333, 0.8833, 0.9333, 0.9833, 1.0333, 1.1, 1.1667, 1.6],
            "transform": [
                [0.999765, -0.005204, -0.021018, 0.0, -0.019147, 0.24076, -0.970396, 0.374854, 0.01011, 0.970571, 0.240603, -0.0, 0.0, 0.0, 0.0, 1.0],
                [0.999717, -0.009435, -0.021827, 0.0, -0.01583, 0.420906, -0.906967, 0.374854, 0.017744, 0.907055, 0.420637, -0.0, 0.0, 0.0, 0.0, 1.0],
                [0.999651, -0.013157, -0.022907, 0.0, -0.011304, 0.57065, -0.821116, 0.374854, 0.023875, 0.821088, 0.570302, -0.0, 0.0, 0.0, 0.0, 1.0],
                [0.999754, -0.006416, -0.021205, 0.0, -0.018393, 0.293129, -0.955896, 0.374854, 0.012349, 0.956051, 0.292939, -0.0, 0.0, 0.0, 0.0, 1.0],
                [0.999787, -0.000267, -0.020626, -0.0, -0.020612, 0.026676, -0.999432, 0.374854, 0.000817, 0.999644, 0.026665, -0.0, 0.0, 0.0, 0.0, 1.0],
                [0.999787, -0.000267, -0.020627, 0.0, -0.020612, 0.026676, -0.999432, 0.374854, 0.000817, 0.999644, 0.026665, 0.0, 0.0, 0.0, 0.0, 1.0],
                [0.999787, -0.000267, -0.020627, 0.0, -0.020612, 0.026676, -0.999431, 0.374854, 0.000817, 0.999644, 0.026665, -0.0, 0.0, 0.0, 0.0, 1.0],
                [0.999777, -0.003499, -0.020815, 0.0, -0.019943, 0.166384, -0.985859, 0.374854, 0.006913, 0.986054, 0.166277, -0.0, 0.0, 0.0, 0.0, 1.0],
                [0.999796, -0.012288, -0.016034, 0.0, -0.007806, 0.497091, -0.867664, 0.374854, 0.018632, 0.867612, 0.496893, 0.0, 0.0, 0.0, 0.0, 1.0],
                [0.999734, -0.01844, -0.013863, 0.0, 0.004449, 0.743743, -0.668451, 0.374854, 0.022637, 0.668211, 0.743627, 0.0, 0.0, 0.0, 0.0, 1.0],
                [1.0, 3.2e-05, 1.3e-05, -0.0, -1.7e-05, 0.775884, -0.630877, 0.374854, -3.1e-05, 0.630876, 0.775883, -0.0, 0.0, 0.0, 0.0, 1.0],
                [0.999748, -0.017974, -0.013457, -0.0, 0.0038, 0.726108, -0.687572, 0.374854, 0.02213, 0.687346, 0.725993, -0.0, 0.0, 0.0, 0.0, 1.0],
                [0.999687, -0.016996, -0.01835, 0.0, -0.002158, 0.672311, -0.740266, 0.374854, 0.024919, 0.740073, 0.672064, 0.0, 0.0, 0.0, 0.0, 1.0],
                [0.999695, -0.010838, -0.022194, 0.0, -0.014303, 0.478542, -0.877948, 0.374854, 0.020135, 0.877998, 0.478241, -0.0, 0.0, 0.0, 0.0, 1.0],
                [0.999868, -0.00036, -0.013606, 0.0, -0.013554, 0.026633, -0.999524, 0.374854, 0.000693, 0.999605, 0.026664, 0.0, 0.0, 0.0, 0.0, 1.0],
                [0.999959, -0.000343, -0.00669, -0.0, -0.00669, 0.026667, -0.999614, 0.374853, 0.000529, 0.999629, 0.026681, -0.0, 0.0, 0.0, 0.0, 1.0],
                [0.99999, -0.000187, -0.003332, 0.0, -0.003328, 0.026676, -0.999636, 0.374854, 0.000277, 0.99964, 0.026679, 0.0, 0.0, 0.0, 0.0, 1.0],
                [1.0, 1e-06, -2e-06, -0.0, -2e-06, 0.026679, -0.999644, 0.374854, -1e-06, 0.999644, 0.026679, 0.0, 0.0, 0.0, 0.0, 1.0],
                [1.0, -3e-06, -2e-06, 1e-06, -2e-06, 0.026679, -0.999644, 0.374854, 3e-06, 0.999644, 0.026679, 0.0, 0.0, 0.0, 0.0, 1.0],
                [1.0, 2.7e-05, 9e-06, 0.0, -1.2e-05, 0.658624, -0.752473, 0.374854, -2.6e-05, 0.752472, 0.658624, -0.0, 0.0, 0.0, 0.0, 1.0],
                [1.0, 2.8e-05, 9e-06, -0.0, -1.2e-05, 0.676537, -0.736408, 0.374854, -2.7e-05, 0.736408, 0.676537, -1e-06, 0.0, 0.0, 0.0, 1.0],
                [1.0, 1e-05, -1e-06, 0.0, -3e-06, 0.233826, -0.972279, 0.374853, -1e-05, 0.972279, 0.233826, 0.0, 0.0, 0.0, 0.0, 1.0],
                [1.0, 2.3e-05, 5e-06, -0.0, -9e-06, 0.561427, -0.827526, 0.374854, -2.2e-05, 0.827526, 0.561427, 0.0, 0.0, 0.0, 0.0, 1.0]
            ]
        },
        {
            "name": "Thigh_L",
            "time": [0.0, 0.05, 0.1, 0.2, 0.2333, 0.2667, 0.3, 0.3333, 0.4, 0.4667, 0.5333, 0.6, 0.6667, 0.7333, 0.7833, 0.8333, 0.8833, 0.9333, 0.9833, 1.0333, 1.1, 1.1667, 1.6],
            "transform": [
                [0.754232, -0.450648, -0.477547, -0.123688, -0.538644, -0.840569, -0.057504, -0.071474, -0.375498, 0.300599, -0.876722, -0.040558, 0.0, 0.0, 0.0, 1.0],
                [0.863623, -0.40898, -0.294773, -0.123688, -0.387146, -0.912543, 0.131845, -0.071474, -0.322916, 0.000256, -0.946428, -0.040558, 0.0, 0.0, 0.0, 1.0],
                [0.923313, 0.337366, 0.183517, -0.123688, 0.261143, -0.901885, 0.344104, -0.071474, 0.281601, -0.269792, -0.920823, -0.040558, 0.0, 0.0, 0.0, 1.0],
                [0.819473, 0.463149, 0.337577, -0.104892, 0.385232, -0.881239, 0.273888, -0.076608, 0.424337, -0.094398, -0.900571, -0.080815, 0.0, 0.0, 0.0, 1.0],
                [0.820233, 0.482577, 0.307144, -0.095495, 0.39264, -0.865439, 0.311207, -0.079175, 0.415996, -0.134666, -0.89934, -0.100943, 0.0, 0.0, 0.0, 1.0],
                [0.826634, 0.496287, 0.265287, -0.086096, 0.403666, -0.851396, 0.334932, -0.081742, 0.392086, -0.169779, -0.904126, -0.121072, 0.0, 0.0, 0.0, 1.0],
                [0.835017, 0.504228, 0.220228, -0.076698, 0.419161, -0.842228, 0.339053, -0.084309, 0.356443, -0.190804, -0.914627, -0.1412, 0.0, 0.0, 0.0, 1.0],
                [0.837638, 0.533866, 0.115544, -0.0673, 0.430195, -0.775123, 0.462727, -0.086877, 0.336595, -0.337891, -0.878939, -0.161328, 0.0, 0.0, 0.0, 1.0],
                [0.906653, 0.332436, -0.259746, -0.081397, 0.415273, -0.811772, 0.410578, -0.083026, -0.074364, -0.480116, -0.874047, -0.131136, 0.0, 0.0, 0.0, 1.0],
                [0.834657, 0.101617, -0.541315, -0.095494, 0.32703, -0.882259, 0.338629, -0.079176, -0.44317, -0.459665, -0.769616, -0.100943, 0.0, 0.0, 0.0, 1.0],
                [0.583495, -0.093348, -0.806734, -0.109591, 0.206542, -0.943651, 0.258578, -0.075325, -0.785414, -0.317504, -0.531336, -0.070751, 0.0, 0.0, 0.0, 1.0],
                [0.503762, 0.012129, -0.863758, -0.11429, 0.121246, -0.990996, 0.056798, -0.074041, -0.855292, -0.13334, -0.500696, -0.060687, 0.0, 0.0, 0.0, 1.0],
                [0.429241, 0.078404, -0.89978, -0.118989, 0.038725, -0.996906, -0.068394, -0.072758, -0.90236, -0.005487, -0.43095, -0.050622, 0.0, 0.0, 0.0, 1.0],
                [0.681911, 0.15951, -0.713832, -0.123688, 0.042341, -0.982903, -0.179187, -0.071474, -0.73021, 0.091965, -0.677006, -0.040558, 0.0, 0.0, 0.0, 1.0],
                [0.573351, -0.302241, -0.761524, -0.124128, -0.257648, -0.948828, 0.182596, -0.048593, -0.777744, 0.091514, -0.621884, -0.027043, 0.0, 0.0, 0.0, 1.0],
                [0.875195, -0.402022, -0.269096, -0.124566, 0.320389, 0.064898, 0.945061, -0.025712, -0.362471, -0.913328, 0.185602, -0.013528, 0.0, 0.0, 0.0, 1.0],
                [0.643644, -0.765296, 0.006758, -0.124786, -0.099125, -0.074606, 0.992274, -0.014271, -0.758879, -0.639341, -0.123879, -0.00677, 0.0, 0.0, 0.0, 1.0],
                [0.796732, -0.433455, -0.421112, -0.125007, 0.394778, -0.154298, 0.905728, -0.00283, -0.457569, -0.887868, 0.048185, -1.2e-05, 0.0, 0.0, 0.0, 1.0],
                [0.692934, -0.060988, -0.718417, -0.125006, 0.107733, -0.976471, 0.186807, -0.002829, -0.712907, -0.206842, -0.67006, -1.1e-05, 0.0, 0.0, 0.0, 1.0],
                [0.742829, -0.619027, -0.254972, -0.125006, -0.217925, -0.583685, 0.782189, -0.002831, -0.63302, -0.525468, -0.568481, -1.3e-05, 0.0, 0.0, 0.0, 1.0],
                [0.47477, -0.662001, -0.579956, -0.125005, -0.324199, -0.744168, 0.584045, -0.002831, -0.818223, -0.089266, -0.567929, -1.2e-05, 0.0, 0.0, 0.0, 1.0],
                [0.749747, -0.046194, -0.66011, -0.125006, -0.429439, -0.792924, -0.432266, -0.002831, -0.503449, 0.607567, -0.61433, -1.2e-05, 0.0, 0.0, 0.0, 1.0],
                [0.692947, -0.606663, -0.389595, -0.125006, -0.60648, -0.782669, 0.140039, -0.00283, -0.389881, 0.139242, -0.910277, -1.1e-05, 0.0, 0.0, 0.0, 1.0]
            ]
        },
        {
            "name": "Leg_L",
            "time": [0.0, 0.05, 0.1, 0.2, 0.2333, 0.2667, 0.3, 0.3333, 0.4, 0.4667, 0.5333, 0.6, 0.6667, 0.7333, 0.7833, 0.8333, 0.8833, 0.9333, 0.9833, 1.0333, 1.1, 1.1667, 1.6],
            "transform": [
                [0.999885, -0.002286, 0.014951, 0.0, -0.005232, 0.875211, 0.483714, 0.374854, -0.014191, -0.483737, 0.875098, -0.0, 0.0, 0.0, 0.0, 1.0],
                [0.99991, -0.004353, 0.012655, 0.0, -0.009962, 0.389232, 0.921086, 0.374854, -0.008935, -0.92113, 0.389153, -0.0, 0.0, 0.0, 0.0, 1.0],
                [0.999904, -0.004083, 0.013194, 0.0, -0.009345, 0.503471, 0.863962, 0.374854, -0.010171, -0.864003, 0.503384, -0.0, 0.0, 0.0, 0.0, 1.0],
                [0.999879, -0.000187, 0.015534, 0.0, -0.00063, 0.99862, 0.052527, 0.374854, -0.015522, -0.05253, 0.998498, 0.0, 0.0, 0.0, 0.0, 1.0],
                [0.999878, -0.000187, 0.015534, 0.0, -0.00063, 0.998619, 0.052527, 0.374854, -0.015522, -0.05253, 0.998498, -0.0, 0.0, 0.0, 0.0, 1.0],
                [0.999879, -0.000187, 0.015534, -0.0, -0.00063, 0.99862, 0.052527, 0.374854, -0.015522, -0.05253, 0.998499, 0.0, 0.0, 0.0, 0.0, 1.0],
                [0.999878, -0.000187, 0.015534, -0.0, -0.00063, 0.99862, 0.052526, 0.374854, -0.015522, -0.052531, 0.998498, 0.0, 0.0, 0.0, 0.0, 1.0],
                [0.999882, -0.001593, 0.015264, -0.0, -0.003646, 0.94148, 0.337052, 0.374854, -0.014908, -0.337067, 0.941362, 0.0, 0.0, 0.0, 0.0, 1.0],
                [0.999882, -0.00167, 0.015236, -0.0, -0.003822, 0.93546, 0.353414, 0.374854, -0.014843, -0.35343, 0.935343, -0.0, 0.0, 0.0, 0.0, 1.0],
                [0.99988, -0.00118, 0.015391, -0.0, -0.002701, 0.968306, 0.249754, 0.374854, -0.015198, -0.249766, 0.968187, 0.0, 0.0, 0.0, 0.0, 1.0],
                [0.99988, -0.000918, 0.015451, -0.0, -0.0021, 0.980959, 0.194204, 0.374854, -0.015335, -0.194214, 0.980839, -0.0, 0.0, 0.0, 0.0, 1.0],
                [0.999879, -0.000186, 0.015534, 0.0, -0.00063, 0.99862, 0.052527, 0.374854, -0.015522, -0.05253, 0.998498, -0.0, 0.0, 0.0, 0.0, 1.0],
                [0.999879, -0.000187, 0.015534, 0.0, -0.00063, 0.99862, 0.052527, 0.374854, -0.015523, -0.05253, 0.998498, 0.0, 0.0, 0.0, 0.0, 1.0],
                [0.999878, -0.000187, 0.015534, -0.0, -0.00063, 0.998619, 0.052527, 0.374854, -0.015522, -0.05253, 0.998498, 0.0, 0.0, 0.0, 0.0, 1.0],
                [0.999948, -0.000663, 0.01006, 0.0, -0.002464, 0.951506, 0.307622, 0.374853, -0.009777, -0.307632, 0.951455, 0.0, 0.0, 0.0, 0.0, 1.0],
                [0.999986, 8.4e-05, 0.005219, 0.0, -0.003312, -0.762488, 0.646994, 0.374854, 0.004034, -0.647003, -0.762477, 0.0, 0.0, 0.0, 0.0, 1.0],
                [0.999992, 0.000738, 0.003993, -1e-06, -0.002679, -0.619108, 0.785302, 0.374855, 0.003052, -0.785306, -0.6191, 0.0, 0.0, 0.0, 0.0, 1.0],
                [1.0, 9e-06, 2e-05, -0.0, -9e-06, -0.647825, 0.761789, 0.374854, 1.9e-05, -0.761789, -0.647825, 1e-06, 0.0, 0.0, 0.0, 1.0],
                [1.0, 0.0, 1e-06, 0.0, -0.0, 0.998619, 0.05253, 0.374854, -1e-06, -0.05253, 0.99862, 1e-06, 0.0, 0.0, 0.0, 1.0],
                [1.0, 1.1e-05, 1e-05, 0.0, -1.2e-05, 0.157742, 0.987481, 0.374854, 9e-06, -0.987481, 0.157741, 0.0, 0.0, 0.0, 0.0, 1.0],
                [1.0, 1.1e-05, 1e-05, -0.0, -1.2e-05, 0.141982, 0.989869, 0.374854, 9e-06, -0.989869, 0.141982, 1e-06, 0.0, 0.0, 0.0, 1.0],
                [1.0, -1.1e-05, 1e-06, 1e-06, 1.1e-05, 0.998619, 0.05253, 0.374854, -2e-06, -0.05253, 0.998619, 0.0, 0.0, 0.0, 0.0, 1.0],
                [1.0, 9e-06, 7e-06, 1e-06, -1e-05, 0.497285, 0.867587, 0.374854, 5e-06, -0.867587, 0.497285, 1e-06, 0.0, 0.0, 0.0, 1.0]
            ]
        },
        {
            "name": "Knee_L",
            "time": [0.0, 0.05, 0.1, 0.2, 0.2333, 0.2667, 0.3, 0.3333, 0.4, 0.4667, 0.5333, 0.6, 0.6667, 0.7333, 0.7833, 0.8333, 0.8833, 0.9333, 0.9833, 1.0333, 1.1, 1.1667, 1.6],
            "transform": [
                [0.999971, -0.000293, 0.007604, 0.0, 0.007436, 0.250183, -0.96817, 0.374854, -0.001618, 0.968199, 0.250177, 0.0, 0.0, 0.0, 0.0, 1.0],
                [0.999976, -0.000359, 0.006951, 0.0, 0.00599, 0.552956, -0.833189, 0.374854, -0.003545, 0.83321, 0.552945, -0.0, 0.0, 0.0, 0.0, 1.0],
                [0.999975, -0.000372, 0.007112, 0.0, 0.006351, 0.498615, -0.8668, 0.374854, -0.003224, 0.866824, 0.498605, -0.0, 0.0, 0.0, 0.0, 1.0],
                [0.999942, -9.8e-05, 0.007772, -0.0, 0.007764, 0.026668, -0.99961, 0.374854, -0.000106, 0.999619, 0.026687, 0.0, 0.0, 0.0, 0.0, 1.0],
                [0.999942, -9.8e-05, 0.007772, 0.0, 0.007764, 0.026668, -0.99961, 0.374854, -0.000106, 0.999619, 0.026687, -0.0, 0.0, 0.0, 0.0, 1.0],
                [0.999942, -9.8e-05, 0.007772, -0.0, 0.007764, 0.026667, -0.999609, 0.374854, -0.000106, 0.99962, 0.026687, 0.0, 0.0, 0.0, 0.0, 1.0],
                [0.999942, -9.8e-05, 0.007772, 0.0, 0.007764, 0.026668, -0.999609, 0.374854, -0.000106, 0.99962, 0.026687, 0.0, 0.0, 0.0, 0.0, 1.0],
                [0.99997, -0.000239, 0.007689, 0.0, 0.007617, 0.171456, -0.985162, 0.374854, -0.001083, 0.985192, 0.171453, 0.0, 0.0, 0.0, 0.0, 1.0],
                [0.999971, -0.000246, 0.007681, -0.0, 0.0076, 0.180039, -0.98363, 0.374854, -0.001141, 0.98366, 0.180035, -0.0, 0.0, 0.0, 0.0, 1.0],
                [0.99997, -0.000205, 0.007724, -0.0, 0.007688, 0.126288, -0.991964, 0.374854, -0.000772, 0.991994, 0.126285, -0.0, 0.0, 0.0, 0.0, 1.0],
                [0.99997, -0.000183, 0.007741, -0.0, 0.007722, 0.097977, -0.995159, 0.374854, -0.000577, 0.995189, 0.097975, -0.0, 0.0, 0.0, 0.0, 1.0],
                [0.99994, -9.6e-05, 0.007767, 0.0, 0.007767, 0.026667, -0.999609, 0.374854, -0.000111, 0.999619, 0.026689, -0.0, 0.0, 0.0, 0.0, 1.0],
                [0.99994, -9.6e-05, 0.007766, 0.0, 0.007767, 0.026668, -0.999609, 0.374854, -0.000112, 0.999619, 0.026689, 0.0, 0.0, 0.0, 0.0, 1.0],
                [0.99994, -9.1e-05, 0.007762, -0.0, 0.007767, 0.026668, -0.99961, 0.374854, -0.000118, 0.999619, 0.026688, 0.0, 0.0, 0.0, 0.0, 1.0],
                [0.999987, -4e-06, 0.005051, -0.0, 0.004989, 0.156116, -0.987726, 0.374853, -0.000785, 0.987739, 0.156113, -0.0, 0.0, 0.0, 0.0, 1.0],
                [0.999995, 0.001815, 0.00258, 0.0, -0.000816, 0.938884, -0.344234, 0.374854, -0.003048, 0.34423, 0.938881, 0.0, 0.0, 0.0, 0.0, 1.0],
                [0.999997, 0.001585, 0.001772, -1e-06, -0.000654, 0.899927, -0.43604, 0.374855, -0.002286, 0.436037, 0.899926, 0.0, 0.0, 0.0, 0.0, 1.0],
                [1.0, 1.2e-05, 6e-06, -0.0, -8e-06, 0.907866, -0.419261, 0.374854, -1.1e-05, 0.419261, 0.907866, 1e-06, 0.0, 0.0, 0.0, 1.0],
                [1.0, 0.0, -1e-06, 0.0, -1e-06, 0.026678, -0.999644, 0.374854, -0.0, 0.999644, 0.026678, 1e-06, 0.0, 0.0, 0.0, 1.0],
                [1.0, 8e-06, 2e-06, 1e-06, -4e-06, 0.649253, -0.760574, 0.374853, -8e-06, 0.760573, 0.649253, 0.0, 0.0, 0.0, 0.0, 1.0],
                [1.0, 8e-06, 3e-06, 0.0, -4e-06, 0.655294, -0.755375, 0.374854, -8e-06, 0.755374, 0.655293, 1e-06, 0.0, 0.0, 0.0, 1.0],
                [1.0, -6e-06, -1e-06, 1e-06, -1e-06, 0.026679, -0.999644, 0.374853, 6e-06, 0.999644, 0.026678, 0.0, 0.0, 0.0, 0.0, 1.0],
                [1.0, 6e-06, 1e-06, 1e-06, -3e-06, 0.501706, -0.865039, 0.374854, -6e-06, 0.865039, 0.501705, -0.0, 0.0, 0.0, 0.0, 1.0]
            ]
        },
        {
            "name": "Torso",
            "time": [0.0, 0.05, 0.1, 0.2, 0.2333, 0.2667, 0.3, 0.3333, 0.4, 0.4667, 0.5333, 0.6, 0.6667, 0.7333, 0.7833, 0.8333, 0.8833, 0.9333, 0.9833, 1.0333, 1.1, 1.1667, 1.6],
            "transform": [
                [0.80821, -0.585571, 0.062475, 0.0, 0.582549, 0.779458, -0.230395, 0.05, 0.086216, 0.222602, 0.97109, 0.0, 0.0, 0.0, 0.0, 1.0],
                [0.907853, -0.41789, 0.03422, -0.0, 0.416714, 0.890236, -0.183926, 0.05, 0.046397, 0.181237, 0.982344, 0.0, 0.0, 0.0, 0.0, 1.0],
                [0.965286, -0.260629, 0.017176, 0.0, 0.260515, 0.955947, -0.135269, 0.05, 0.018836, 0.135048, 0.99066, 0.0, 0.0, 0.0, 0.0, 1.0],
                [0.950136, -0.31045, 0.02936, -0.0, 0.309988, 0.930084, -0.197107, 0.05, 0.033884, 0.19638, 0.979942, -0.0, 0.0, 0.0, 0.0, 1.0],
                [0.945944, -0.322473, 0.034653, -0.0, 0.32188, 0.920321, -0.222265, 0.05, 0.039782, 0.221404, 0.97437, -0.0, 0.0, 0.0, 0.0, 1.0],
                [0.942657, -0.331378, 0.039827, 0.0, 0.330666, 0.911022, -0.246374, 0.05, 0.045359, 0.245415, 0.968356, 0.0, 0.0, 0.0, 0.0, 1.0],
                [0.941708, -0.333575, 0.043731, -0.0, 0.332807, 0.904638, -0.266215, 0.05, 0.049242, 0.265251, 0.962921, -0.0, 0.0, 0.0, 0.0, 1.0],
                [0.94274, -0.330302, 0.046285, 0.0, 0.32954, 0.901053, -0.28197, 0.05, 0.05143, 0.281077, 0.958306, 0.0, 0.0, 0.0, 0.0, 1.0],
                [0.973715, -0.224945, 0.03577, -0.0, 0.225294, 0.928077, -0.296506, 0.05, 0.0335, 0.296771, 0.954361, -0.0, 0.0, 0.0, 0.0, 1.0],
                [0.992487, -0.120728, 0.019844, 0.0, 0.121864, 0.961066, -0.247992, 0.05, 0.010868, 0.248547, 0.968559, 0.0, 0.0, 0.0, 0.0, 1.0],
                [0.998105, -0.060515, 0.011131, -0.0, 0.061519, 0.984837, -0.162208, 0.05, -0.001146, 0.162585, 0.986694, -0.0, 0.0, 0.0, 0.0, 1.0],
                [0.992409, -0.122787, 0.006954, 0.0, 0.122983, 0.990844, -0.055709, 0.05, -5e-05, 0.056142, 0.998423, -0.0, 0.0, 0.0, 0.0, 1.0],
                [0.984889, -0.173185, -0.000446, 0.0, 0.173156, 0.984671, 0.020956, 0.05, -0.00319, -0.020717, 0.99978, 0.0, 0.0, 0.0, 0.0, 1.0],
                [0.995534, -0.09433, 0.003651, 0.0, 0.094289, 0.995492, 0.010195, 0.05, -0.004596, -0.009805, 0.999941, -0.0, 0.0, 0.0, 0.0, 1.0],
                [0.920482, 0.389273, 0.034353, -0.0, -0.390699, 0.914866, 0.101852, 0.05, 0.00822, -0.107175, 0.994206, 0.0, 0.0, 0.0, 0.0, 1.0],
                [0.978399, -0.203239, -0.037817, 1e-06, 0.203445, 0.91415, 0.350627, 0.049999, -0.036691, -0.350747, 0.935751, -0.0, 0.0, 0.0, 0.0, 1.0],
                [0.937644, -0.346714, 0.024766, 0.0, 0.346621, 0.927299, -0.141321, 0.05, 0.026032, 0.141094, 0.989654, 0.0, 0.0, 0.0, 0.0, 1.0],
                [0.979362, -0.20211, 0.001405, -1e-06, 0.20211, 0.979266, -0.013769, 0.05, 0.001406, 0.013769, 0.999904, -0.0, 0.0, 0.0, 0.0, 1.0],
                [0.999007, 0.044231, -0.005302, -0.0, -0.044231, 0.970691, -0.236226, 0.050001, -0.005302, 0.236226, 0.971684, 0.0, 0.0, 0.0, 0.0, 1.0],
                [0.954541, 0.297015, 0.025155, -0.0, -0.297015, 0.940621, 0.164357, 0.05, 0.025155, -0.164357, 0.98608, -1e-06, 0.0, 0.0, 0.0, 1.0],
                [0.96919, -0.246268, -0.004732, 1e-06, 0.246268, 0.968464, 0.037823, 0.05, -0.004731, -0.037824, 0.999273, -1e-06, 0.0, 0.0, 0.0, 1.0],
                [0.996108, 0.087885, -0.006693, -1e-06, -0.087885, 0.984601, -0.151122, 0.05, -0.006692, 0.151121, 0.988492, 0.0, 0.0, 0.0, 0.0, 1.0],
                [0.999929, -0.011922, 0.000132, -0.0, 0.011922, 0.999682, -0.022202, 0.05, 0.000133, 0.022202, 0.999753, -0.0, 0.0, 0.0, 0.0, 1.0]
            ]
        },
        {
            "name": "Chest",
            "time": [0.0, 0.05, 0.1, 0.2, 0.2333, 0.2667, 0.3, 0.3333, 0.4, 0.4667, 0.5333, 0.6, 0.6667, 0.7333, 0.7833, 0.8333, 0.8833, 0.9333, 0.9833, 1.0333, 1.1, 1.1667, 1.6],
            "transform": [
                [0.998914, 0.012058, -0.045005, -0.0, -0.008914, 0.997548, 0.069414, 0.35, 0.045731, -0.068938, 0.996572, 0.0, 0.0, 0.0, 0.0, 1.0],
                [0.998914, 0.00809, -0.045884, -0.0, -0.008914, 0.999802, -0.017792, 0.35, 0.045731, 0.018182, 0.998789, 0.0, 0.0, 0.0, 0.0, 1.0],
                [0.998914, 0.00406, -0.046415, -0.0, -0.008914, 0.994447, -0.104863, 0.35, 0.045731, 0.105162, 0.993403, -0.0, 0.0, 0.0, 0.0, 1.0],
                [0.998914, 0.00406, -0.046415, -0.0, -0.008914, 0.994447, -0.104863, 0.35, 0.045731, 0.105162, 0.993403, -0.0, 0.0, 0.0, 0.0, 1.0],
                [0.998914, 0.00406, -0.046415, -0.0, -0.008914, 0.994446, -0.104863, 0.35, 0.045731, 0.105162, 0.993403, 0.0, 0.0, 0.0, 0.0, 1.0],
                [0.998914, 0.00406, -0.046415, -0.0, -0.008914, 0.994446, -0.104863, 0.35, 0.045731, 0.105162, 0.993403, -0.0, 0.0, 0.0, 0.0, 1.0],
                [0.998914, 0.00406, -0.046415, 0.0, -0.008914, 0.994447, -0.104863, 0.35, 0.045731, 0.105162, 0.993403, -0.0, 0.0, 0.0, 0.0, 1.0],
                [0.998914, 0.00406, -0.046415, -0.0, -0.008914, 0.994447, -0.104863, 0.35, 0.045731, 0.105162, 0.993403, 0.0, 0.0, 0.0, 0.0, 1.0],
                [0.998914, 0.006751, -0.0461, 0.0, -0.008914, 0.998861, -0.04688, 0.35, 0.045731, 0.04724, 0.997836, 0.0, 0.0, 0.0, 0.0, 1.0],
                [0.998914, 0.009422, -0.045629, -0.0, -0.008914, 0.999897, 0.011311, 0.35, 0.045731, -0.010892, 0.998895, 0.0, 0.0, 0.0, 0.0, 1.0],
                [0.998914, 0.012058, -0.045005, 0.0, -0.008914, 0.997548, 0.069414, 0.35, 0.045731, -0.068938, 0.996572, 0.0, 0.0, 0.0, 0.0, 1.0],
                [0.998914, 0.012058, -0.045005, -0.0, -0.008914, 0.997548, 0.069414, 0.35, 0.045731, -0.068938, 0.996572, 0.0, 0.0, 0.0, 0.0, 1.0],
                [0.998915, 0.012058, -0.045005, -0.0, -0.008914, 0.997548, 0.069414, 0.35, 0.045731, -0.068938, 0.996573, -0.0, 0.0, 0.0, 0.0, 1.0],
                [0.998914, 0.012058, -0.045005, -0.0, -0.008914, 0.997548, 0.069414, 0.35, 0.045731, -0.068938, 0.996573, 0.0, 0.0, 0.0, 0.0, 1.0],
                [0.999517, 0.007694, -0.030104, -0.0, -0.006296, 0.99891, 0.046255, 0.35, 0.030427, -0.046043, 0.998476, -0.0, 0.0, 0.0, 0.0, 1.0],
                [1.0, -1e-06, 1e-06, 0.0, 1e-06, 1.0, 1e-06, 0.35, -1e-06, -1e-06, 1.0, 0.0, 0.0, 0.0, 0.0, 1.0],
                [1.0, -1e-06, 1e-06, -0.0, 1e-06, 1.0, 1e-06, 0.349999, -1e-06, -1e-06, 1.0, -0.0, 0.0, 0.0, 0.0, 1.0],
                [1.0, -1e-06, 1e-06, 1e-06, 1e-06, 1.0, 1e-06, 0.35, -1e-06, -1e-06, 1.0, 0.0, 0.0, 0.0, 0.0, 1.0],
                [1.0, -1e-06, 1e-06, -0.0, 1e-06, 0.995082, -0.099058, 0.35, -1e-06, 0.099058, 0.995082, -0.0, 0.0, 0.0, 0.0, 1.0],
                [1.0, -1e-06, 1e-06, 0.0, 1e-06, 0.998162, -0.0606, 0.349999, -1e-06, 0.0606, 0.998162, -0.0, 0.0, 0.0, 0.0, 1.0],
                [1.0, -1e-06, 1e-06, -0.0, 1e-06, 0.998966, -0.045459, 0.349999, -1e-06, 0.045459, 0.998966, 0.0, 0.0, 0.0, 0.0, 1.0],
                [1.0, -1e-06, 1e-06, 0.0, 1e-06, 0.99954, -0.030309, 0.35, -1e-06, 0.030309, 0.999541, -1e-06, 0.0, 0.0, 0.0, 1.0],
                [1.0, -1e-06, 1e-06, 0.0, 1e-06, 1.0, 1e-06, 0.35, -1e-06, -1e-06, 1.0, 1e-06, 0.0, 0.0, 0.0, 1.0]
            ]
        },
        {
            "name": "Head",
            "time": [0.0, 0.05, 0.1, 0.2, 0.2333, 0.2667, 0.3, 0.3333, 0.4, 0.4667, 0.5333, 0.6, 0.6667, 0.7333, 0.7833, 0.8333, 0.8833, 0.9333, 0.9833, 1.0333, 1.1, 1.1667, 1.6],
            "transform": [
                [0.20619, -0.039507, 0.977714, 0.0, -0.326754, 0.93905, 0.106854, 0.326029, -0.922344, -0.341504, 0.180713, -0.0, 0.0, 0.0, 0.0, 1.0],
                [0.736762, 0.178341, 0.652209, -0.0, -0.449092, 0.850164, 0.274842, 0.326028, -0.505469, -0.495395, 0.706459, -0.0, 0.0, 0.0, 0.0, 1.0],
                [0.378192, 0.481533, -0.790631, 0.0, 0.029729, 0.847306, 0.530272, 0.326028, 0.92525, -0.224048, 0.306129, -0.0, 0.0, 0.0, 0.0, 1.0],
                [-0.047141, 0.331043, -0.942438, 0.0, 0.16634, 0.932914, 0.319377, 0.326028, 0.984941, -0.141709, -0.099045, -0.0, 0.0, 0.0, 0.0, 1.0],
                [-0.180581, 0.265219, -0.947127, 0.0, 0.186519, 0.954719, 0.231783, 0.326028, 0.965713, -0.134801, -0.221872, 0.0, 0.0, 0.0, 0.0, 1.0],
                [-0.27565, 0.211751, -0.937645, -0.0, 0.193625, 0.967673, 0.16161, 0.326028, 0.941555, -0.137003, -0.307739, -0.0, 0.0, 0.0, 0.0, 1.0],
                [-0.343712, 0.163973, -0.924648, -0.0, 0.188936, 0.976578, 0.10295, 0.326028, 0.919872, -0.139314, -0.366642, -0.0, 0.0, 0.0, 0.0, 1.0],
                [-0.392468, 0.120288, -0.911866, 0.0, 0.175725, 0.982955, 0.054033, 0.326028, 0.902823, -0.139031, -0.406916, 0.0, 0.0, 0.0, 0.0, 1.0],
                [-0.128604, 0.088673, -0.987724, 0.0, 0.129572, 0.988959, 0.071913, 0.326029, 0.983195, -0.118733, -0.138674, -0.0, 0.0, 0.0, 0.0, 1.0],
                [0.19678, 0.046758, -0.979332, -0.0, 0.064512, 0.99608, 0.06052, 0.326028, 0.978323, -0.075088, 0.192992, -0.0, 0.0, 0.0, 0.0, 1.0],
                [0.49863, 0.009273, -0.866765, -0.0, 0.012103, 0.999771, 0.017659, 0.326029, 0.866731, -0.019295, 0.498403, -0.0, 0.0, 0.0, 0.0, 1.0],
                [0.568955, -0.007307, -0.822336, -0.0, 0.023976, 0.999683, 0.007705, 0.326029, 0.822019, -0.0241, 0.56895, -0.0, 0.0, 0.0, 0.0, 1.0],
                [0.627884, -0.045463, -0.776978, 0.0, 0.060269, 0.998135, -0.009699, 0.326028, 0.77597, -0.040737, 0.629452, -0.0, 0.0, 0.0, 0.0, 1.0],
                [0.644109, -0.218107, -0.73318, 0.0, 0.236767, 0.968264, -0.080037, 0.326029, 0.727368, -0.12204, 0.675309, -0.0, 0.0, 0.0, 0.0, 1.0],
                [0.877443, -0.440377, -0.19016, -0.0, 0.364589, 0.86989, -0.332213, 0.326028, 0.311717, 0.222167, 0.923836, 0.0, 0.0, 0.0, 0.0, 1.0],
                [0.849841, 0.355283, 0.389286, -0.0, -0.105541, 0.838391, -0.534754, 0.326028, -0.516363, 0.413371, 0.749996, 0.0, 0.0, 0.0, 0.0, 1.0],
                [0.366369, 0.211903, 0.906019, -0.0, -0.265964, 0.956946, -0.116266, 0.326029, -0.891649, -0.198373, 0.406954, -0.0, 0.0, 0.0, 0.0, 1.0],
                [0.356223, -0.028643, 0.933962, -0.0, -0.056751, 0.997022, 0.052222, 0.326028, -0.932676, -0.071605, 0.353537, 0.0, 0.0, 0.0, 0.0, 1.0],
                [0.947445, -0.074875, 0.311035, 0.0, 0.03953, 0.992175, 0.118432, 0.326029, -0.317469, -0.099913, 0.942991, -1e-06, 0.0, 0.0, 0.0, 1.0],
                [0.866616, -0.077935, 0.492852, -0.0, -0.062404, 0.963044, 0.262016, 0.326028, -0.495058, -0.257823, 0.829725, -0.0, 0.0, 0.0, 0.0, 1.0],
                [0.626446, 0.123499, 0.769619, 0.0, -0.039237, 0.991113, -0.127105, 0.326028, -0.778477, 0.049427, 0.625724, 1e-06, 0.0, 0.0, 0.0, 1.0],
                [0.444946, -0.22287, 0.867383, -0.0, -0.050268, 0.960797, 0.272658, 0.326028, -0.894146, -0.16492, 0.416299, 1e-06, 0.0, 0.0, 0.0, 1.0],
                [0.007227, -0.331841, 0.943308, 0.0, 0.13108, 0.935507, 0.328092, 0.326028, -0.991345, 0.121278, 0.050259, -1e-06, 0.0, 0.0, 0.0, 1.0]
            ]
        },
        {
            "name": "Shoulder_R",
            "time": [0.0, 0.05, 0.1, 0.2, 0.2333, 0.2667, 0.3, 0.3333, 0.4, 0.4667, 0.5333, 0.6, 0.6667, 0.7333, 0.7833, 0.8333, 0.8833, 0.9333, 0.9833, 1.0333, 1.1, 1.1667, 1.6],
            "transform": [
                [0.257545, 0.909767, 0.325568, 5e-06, -0.044149, -0.325503, 0.94451, 0.326028, 0.965257, -0.257627, -0.043666, 0.000947, 0.0, 0.0, 0.0, 1.0],
                [0.268429, 0.943804, 0.192818, 5e-06, 0.012651, -0.203601, 0.978972, 0.326028, 0.963216, -0.260345, -0.066592, 0.000947, 0.0, 0.0, 0.0, 1.0],
                [0.062655, 0.995438, 0.071955, 5e-06, 0.034222, -0.074197, 0.996656, 0.326028, 0.997448, -0.059983, -0.038715, 0.000947, 0.0, 0.0, 0.0, 1.0],
                [0.015651, 0.996028, 0.087656, 5e-06, 0.041249, -0.088235, 0.995245, 0.326028, 0.999026, -0.011961, -0.042466, 0.000947, 0.0, 0.0, 0.0, 1.0],
                [0.013153, 0.994459, 0.104294, 5e-06, 0.04341, -0.104773, 0.993548, 0.326028, 0.998971, -0.008541, -0.044548, 0.000947, 0.0, 0.0, 0.0, 1.0],
                [0.010646, 0.991661, 0.128435, 5e-06, 0.046478, -0.128795, 0.990582, 0.326028, 0.998863, -0.004577, -0.047461, 0.000947, 0.0, 0.0, 0.0, 1.0],
                [0.010809, 0.987096, 0.159766, 5e-06, 0.050044, -0.160109, 0.98583, 0.326028, 0.998688, -0.00266, -0.051129, 0.000947, 0.0, 0.0, 0.0, 1.0],
                [0.013557, 0.979842, 0.199311, 5e-06, 0.054143, -0.199756, 0.978349, 0.326028, 0.998441, -0.002472, -0.05576, 0.000947, 0.0, 0.0, 0.0, 1.0],
                [0.266206, 0.921334, 0.283332, 5e-06, 0.000664, -0.294114, 0.95577, 0.326028, 0.963916, -0.254244, -0.078906, 0.000946, 0.0, 0.0, 0.0, 1.0],
                [0.259166, 0.908413, 0.32805, 5e-06, -0.035975, -0.33034, 0.943176, 0.326028, 0.965163, -0.256241, -0.052933, 0.000946, 0.0, 0.0, 0.0, 1.0],
                [0.257545, 0.909766, 0.325568, 5e-06, -0.044149, -0.325503, 0.944509, 0.326028, 0.965257, -0.257627, -0.043666, 0.000946, 0.0, 0.0, 0.0, 1.0],
                [0.257545, 0.909767, 0.325568, 4e-06, -0.044149, -0.325503, 0.94451, 0.326028, 0.965257, -0.257627, -0.043666, 0.000946, 0.0, 0.0, 0.0, 1.0],
                [0.257545, 0.909767, 0.325568, 5e-06, -0.044149, -0.325503, 0.94451, 0.326028, 0.965257, -0.257627, -0.043666, 0.000947, 0.0, 0.0, 0.0, 1.0],
                [0.257545, 0.909767, 0.325569, 5e-06, -0.04415, -0.325503, 0.94451, 0.326028, 0.965257, -0.257627, -0.043666, 0.000947, 0.0, 0.0, 0.0, 1.0],
