{
    "animation": [
        {
            "name": "Root",
            "time": [0.0, 0.01, 0.02, 0.03, 0.04, 0.05, 0.06, 0.07, 0.08, 0.09, 0.1, 0.11, 0.12, 0.13, 0.14, 0.15, 0.16, 0.17, 0.18, 0.19, 0.2, 0.21, 0.22, 0.23, 0.24, 0.25, 0.26, 0.27, 0.28, 0.29, 0.3, 0.31, 0.32, 0.33, 0.34, 0.35, 0.36, 0.37, 0.38, 0.39, 0.4, 0.41, 0.42, 0.43, 0.44, 0.45, 0.46, 0.47, 0.48, 0.49, 0.5, 0.51, 0.52, 0.53, 0.54, 0.55, 0.56, 0.57, 0.58, 0.59, 0.6, 0.61, 0.62, 0.63, 0.64, 0.65, 0.66, 0.67, 0.68, 0.69, 0.7, 0.71, 0.72, 0.73, 0.74, 0.75, 0.76, 0.77, 0.78, 0.79, 0.8, 0.81, 0.82, 0.83, 0.84, 0.85, 0.86, 0.87, 0.88, 0.89, 0.9, 0.91, 0.92, 0.93, 0.94, 0.95, 0.96, 0.97, 0.98, 0.99, 1.0, 1.01, 1.02, 1.03, 1.04, 1.05, 1.06, 1.07, 1.08, 1.09, 1.1, 1.11, 1.12, 1.13, 1.14, 1.15, 1.16, 1.17, 1.18, 1.19, 1.2, 1.21, 1.22, 1.23, 1.24, 1.25, 1.26, 1.27, 1.28, 1.29, 1.3, 1.31, 1.32, 1.33, 1.34, 1.35, 1.36, 1.37, 1.38, 1.39, 1.4, 1.41, 1.42, 1.43, 1.44, 1.45, 1.46, 1.47, 1.48, 1.49, 1.5, 1.51, 1.52, 1.53, 1.54, 1.55, 1.56, 1.57, 1.58, 1.59, 1.6, 1.61, 1.62, 1.63, 1.64, 1.65],
            "transform": [
                [0.933991, -0.064878, -0.351358, 0.000983, -0.357297, -0.169593, -0.918464, 0.003808, 0.0, 0.983376, -0.181579, 0.640233, 0.0, 0.0, 0.0, 1.0],
                [0.933991, -0.064878, -0.351358, 0.000939, -0.357297, -0.169593, -0.918464, 0.003662, 0.0, 0.983376, -0.181579, 0.595592, 0.0, 0.0, 0.0, 1.0],
                [0.933991, -0.064878, -0.351358, 0.000839, -0.357297, -0.169593, -0.918464, 0.003337, 0.0, 0.983376, -0.181579, 0.496466, 0.0, 0.0, 0.0, 1.0],
                [0.933991, -0.064878, -0.351358, 0.000737, -0.357297, -0.169593, -0.918464, 0.003002, 0.0, 0.983376, -0.181579, 0.395056, 0.0, 0.0, 0.0, 1.0],
                [0.933991, -0.064878, -0.351358, 0.000683, -0.357297, -0.169593, -0.918464, 0.002824, 0.0, 0.983376, -0.181579, 0.34356, 0.0, 0.0, 0.0, 1.0],
                [0.933991, -0.064878, -0.351358, 0.000672, -0.357297, -0.169593, -0.918464, 0.002787, 0.0, 0.983376, -0.181579, 0.335664, 0.0, 0.0, 0.0, 1.0],
                [0.933991, -0.064878, -0.351358, 0.000664, -0.357297, -0.169593, -0.918464, 0.002761, 0.0, 0.983376, -0.181579, 0.330007, 0.0, 0.0, 0.0, 1.0],
                [0.933991, -0.064878, -0.351358, 0.000659, -0.357297, -0.169593, -0.918464, 0.002743, 0.0, 0.983376, -0.181579, 0.326214, 0.0, 0.0, 0.0, 1.0],
                [0.933991, -0.064878, -0.351358, 0.000655, -0.357297, -0.169593, -0.918464, 0.002733, 0.0, 0.983376, -0.181579, 0.323914, 0.0, 0.0, 0.0, 1.0],
                [0.933991, -0.064878, -0.351358, 0.000654, -0.357297, -0.169593, -0.918464, 0.002727, 0.0, 0.983376, -0.181579, 0.322732, 0.0, 0.0, 0.0, 1.0],
                [0.933991, -0.064878, -0.351358, 0.000653, -0.357297, -0.169593, -0.918464, 0.002725, 0.0, 0.983376, -0.181579, 0.322297, 0.0, 0.0, 0.0, 1.0],
                [0.933991, -0.064878, -0.351358, 0.000653, -0.357297, -0.169593, -0.918464, 0.002725, 0.0, 0.983376, -0.181579, 0.322235, 0.0, 0.0, 0.0, 1.0],
                [0.901298, -0.075193, -0.426623, 0.000653, -0.433185, -0.164447, -0.886176, 0.035601, -0.003522, 0.983515, -0.180789, 0.344733, 0.0, 0.0, 0.0, 1.0],
                [0.82401, -0.096084, -0.558369, 0.000653, -0.566533, -0.151735, -0.809948, 0.096655, -0.006901, 0.983739, -0.179467, 0.473958, 0.0, 0.0, 0.0, 1.0],
                [0.773844, -0.115008, -0.622847, 0.000653, -0.633376, -0.140514, -0.76098, 0.129531, 0.0, 0.983376, -0.181579, 0.802502, 0.0, 0.0, 0.0, 1.0],
                [0.789989, -0.131965, -0.59875, -0.004261, -0.612887, -0.143053, -0.777113, 0.126028, 0.016898, 0.980877, -0.19389, 1.394011, 0.0, 0.0, 0.0, 1.0],
                [0.831713, -0.150628, -0.534382, -0.017218, -0.553936, -0.160085, -0.817024, 0.116741, 0.03752, 0.975543, -0.216583, 2.196327, 0.0, 0.0, 0.0, 1.0],
                [0.884238, -0.167359, -0.43602, -0.035535, -0.462812, -0.188728, -0.866133, 0.103503, 0.062666, 0.967663, -0.244337, 3.128345, 0.0, 0.0, 0.0, 1.0],
                [0.932805, -0.178507, -0.313064, -0.056534, -0.348425, -0.224825, -0.909975, 0.088145, 0.092052, 0.957908, -0.271914, 4.108958, 0.0, 0.0, 0.0, 1.0],
                [0.966696, -0.18201, -0.179922, -0.077532, -0.224154, -0.262865, -0.938434, 0.0725, 0.123509, 0.947509, -0.294909, 5.05706, 0.0, 0.0, 0.0, 1.0],
                [0.982468, -0.17839, -0.054172, -0.095849, -0.106238, -0.296919, -0.948975, 0.058401, 0.153203, 0.938092, -0.310665, 5.891544, 0.0, 0.0, 0.0, 1.0],
                [0.984225, -0.170533, 0.047111, -0.108806, -0.01045, -0.321849, -0.946734, 0.047678, 0.176612, 0.931306, -0.318554, 6.531304, 0.0, 0.0, 0.0, 1.0],
                [0.980615, -0.162413, 0.109619, -0.11372, 0.049944, -0.333783, -0.941326, 0.042166, 0.189473, 0.928553, -0.319201, 6.895235, 0.0, 0.0, 0.0, 1.0],
                [0.977944, -0.151328, 0.143963, -0.113334, 0.08577, -0.337502, -0.937409, 0.040299, 0.190444, 0.929081, -0.317079, 7.069644, 0.0, 0.0, 0.0, 1.0],
                [0.976399, -0.133326, 0.169911, -0.112277, 0.116007, -0.339838, -0.933302, 0.039166, 0.182176, 0.930986, -0.316351, 7.199934, 0.0, 0.0, 0.0, 1.0],
                [0.975832, -0.110308, 0.18864, -0.110705, 0.141156, -0.340796, -0.92948, 0.038584, 0.166817, 0.933644, -0.316989, 7.293643, 0.0, 0.0, 0.0, 1.0],
                [0.975914, -0.084145, 0.201274, -0.10877, 0.161663, -0.340546, -0.926226, 0.03837, 0.146481, 0.936455, -0.318741, 7.35831, 0.0, 0.0, 0.0, 1.0],
                [0.976289, -0.056721, 0.208909, -0.106628, 0.177933, -0.339369, -0.923672, 0.038339, 0.123288, 0.938942, -0.32123, 7.401469, 0.0, 0.0, 0.0, 1.0],
                [0.976673, -0.029938, 0.212637, -0.104432, 0.19035, -0.337613, -0.921838, 0.038308, 0.099387, 0.940809, -0.324038, 7.430662, 0.0, 0.0, 0.0, 1.0],
                [0.976912, -0.005727, 0.213566, -0.102336, 0.199301, -0.335651, -0.920662, 0.038094, 0.076956, 0.94197, -0.32676, 7.453424, 0.0, 0.0, 0.0, 1.0],
                [0.976992, 0.013971, 0.21282, -0.100495, 0.205185, -0.333855, -0.920022, 0.037512, 0.058197, 0.942521, -0.32904, 7.477293, 0.0, 0.0, 0.0, 1.0],
                [0.976991, 0.027212, 0.211539, -0.099062, 0.208411, -0.332567, -0.919763, 0.036379, 0.045322, 0.942687, -0.330587, 7.509807, 0.0, 0.0, 0.0, 1.0],
                [0.976991, 0.032056, 0.210861, -0.098192, 0.209395, -0.332082, -0.919715, 0.034512, 0.04054, 0.942706, -0.331153, 7.558503, 0.0, 0.0, 0.0, 1.0],
                [0.976991, 0.032056, 0.210861, -0.097759, 0.209395, -0.332082, -0.919715, 0.01941, 0.04054, 0.942706, -0.331153, 7.624831, 0.0, 0.0, 0.0, 1.0],
                [0.976991, 0.032056, 0.210861, -0.096519, 0.209395, -0.332082, -0.919715, -0.00623, 0.04054, 0.942706, -0.331153, 7.685888, 0.0, 0.0, 0.0, 1.0],
                [0.976991, 0.032056, 0.210861, -0.092949, 0.209395, -0.332082, -0.919715, -0.019801, 0.04054, 0.942706, -0.331153, 7.712684, 0.0, 0.0, 0.0, 1.0],
                [0.977676, 0.014271, 0.209634, -0.080835, 0.204941, -0.284888, -0.936397, 0.15679, 0.046359, 0.958455, -0.281453, 7.710738, 0.0, 0.0, 0.0, 1.0],
                [0.979119, -0.024792, 0.201773, -0.058145, 0.194301, -0.177758, -0.964702, 0.570737, 0.059784, 0.983762, -0.169229, 7.697123, 0.0, 0.0, 0.0, 1.0],
                [0.980772, -0.062849, 0.184759, -0.029626, 0.18053, -0.067422, -0.981256, 1.048303, 0.074128, 0.995744, -0.05478, 7.660166, 0.0, 0.0, 0.0, 1.0],
                [0.983166, -0.079548, 0.164492, -2.6e-05, 0.163793, -0.015271, -0.986377, 1.415751, 0.080976, 0.996715, -0.001985, 7.588197, 0.0, 0.0, 0.0, 1.0],
                [0.986273, -0.078244, 0.145407, 0.026733, 0.14488, -0.012403, -0.989372, 1.64961, 0.079216, 0.996858, -0.000897, 7.382125, 0.0, 0.0, 0.0, 1.0],
                [0.989244, -0.074096, 0.126125, 0.050039, 0.125751, -0.00971, -0.992015, 1.844591, 0.074729, 0.997204, -0.000288, 6.976445, 0.0, 0.0, 0.0, 1.0],
                [0.991956, -0.06766, 0.106989, 0.070106, 0.10674, -0.007287, -0.994261, 2.004228, 0.068051, 0.997682, -7e-06, 6.409863, 0.0, 0.0, 0.0, 1.0],
                [0.994311, -0.059497, 0.08835, 0.08715, 0.088197, -0.005202, -0.99609, 2.132056, 0.059724, 0.998215, 7.5e-05, 5.721087, 0.0, 0.0, 0.0, 1.0],
                [0.996245, -0.05017, 0.070563, 0.101385, 0.070476, -0.003493, -0.997508, 2.231608, 0.050292, 0.998735, 5.6e-05, 4.948822, 0.0, 0.0, 0.0, 1.0],
                [0.99773, -0.040248, 0.053984, 0.113026, 0.05394, -0.00217, -0.998542, 2.306419, 0.040306, 0.999188, 6e-06, 4.131777, 0.0, 0.0, 0.0, 1.0],
                [0.998781, -0.030298, 0.038974, 0.122286, 0.038955, -0.001217, -0.99924, 2.360024, 0.030322, 0.99954, -3.6e-05, 3.308656, 0.0, 0.0, 0.0, 1.0],
                [0.999447, -0.02089, 0.025892, 0.129382, 0.025885, -0.000591, -0.999665, 2.395958, 0.020899, 0.999782, -5e-05, 2.518167, 0.0, 0.0, 0.0, 1.0],
                [0.999807, -0.012593, 0.015097, 0.134527, 0.015096, -0.00023, -0.999886, 2.417753, 0.012595, 0.999921, -4e-05, 1.799017, 0.0, 0.0, 0.0, 1.0],
                [0.999958, -0.00597, 0.006947, 0.137936, 0.006946, -6.1e-05, -0.999976, 2.428946, 0.005971, 0.999982, -1.9e-05, 1.189913, 0.0, 0.0, 0.0, 1.0],
                [0.999997, -0.001586, 0.001796, 0.139824, 0.001796, -6e-06, -0.999998, 2.433069, 0.001586, 0.999999, -4e-06, 0.729561, 0.0, 0.0, 0.0, 1.0],
                [1.0, 0.0, 0.0, 0.140406, 0.0, 0.0, -1.0, 2.433658, 0.0, 1.0, 0.0, 0.456668, 0.0, 0.0, 0.0, 1.0],
                [1.0, 0.0, 0.0, 0.140406, 0.0, 0.0, -1.0, 2.432158, 0.0, 1.0, 0.0, 0.359682, 0.0, 0.0, 0.0, 1.0],
                [1.0, 0.0, 0.0, 0.140406, 0.0, 0.0, -1.0, 2.42886, 0.0, 1.0, 0.0, 0.345827, 0.0, 0.0, 0.0, 1.0],
                [1.0, 0.0, 0.0, 0.140406, 0.0, 0.0, -1.0, 2.425395, 0.0, 1.0, 0.0, 0.347661, 0.0, 0.0, 0.0, 1.0],
                [1.0, 0.0, 0.0, 0.140406, 0.0, 0.0, -1.0, 2.422729, 0.0, 1.0, 0.0, 0.351068, 0.0, 0.0, 0.0, 1.0],
                [1.0, 0.0, 0.0, 0.140406, 0.0, 0.0, -1.0, 2.421663, 0.0, 1.0, 0.0, 0.352903, 0.0, 0.0, 0.0, 1.0],
                [1.0, 0.0, 0.0, 0.140406, 0.0, 0.0, -1.0, 2.421663, 0.0, 1.0, 0.0, 0.352903, 0.0, 0.0, 0.0, 1.0],
                [1.0, 0.0, 0.0, 0.140406, 0.0, 0.0, -1.0, 2.421663, 0.0, 1.0, 0.0, 0.352903, 0.0, 0.0, 0.0, 1.0],
                [1.0, 0.0, 0.0, 0.140406, 0.0, 0.0, -1.0, 2.421663, 0.0, 1.0, 0.0, 0.352903, 0.0, 0.0, 0.0, 1.0],
                [1.0, 0.0, 0.0, 0.140406, 0.0, 0.0, -1.0, 2.421663, 0.0, 1.0, 0.0, 0.352903, 0.0, 0.0, 0.0, 1.0],
                [1.0, 0.0, 0.0, 0.140406, 0.0, 0.0, -1.0, 2.421663, 0.0, 1.0, 0.0, 0.352903, 0.0, 0.0, 0.0, 1.0],
                [1.0, 0.0, 0.0, 0.140406, 0.0, 0.0, -1.0, 2.421663, 0.0, 1.0, 0.0, 0.352903, 0.0, 0.0, 0.0, 1.0],
                [1.0, 0.0, 0.0, 0.140406, 0.0, 0.0, -1.0, 2.421663, 0.0, 1.0, 0.0, 0.352903, 0.0, 0.0, 0.0, 1.0],
                [1.0, 0.0, 0.0, 0.140406, 0.0, 0.0, -1.0, 2.421663, 0.0, 1.0, 0.0, 0.352903, 0.0, 0.0, 0.0, 1.0],
                [1.0, 0.0, 0.0, 0.140406, 0.0, 0.0, -1.0, 2.421663, 0.0, 1.0, 0.0, 0.352903, 0.0, 0.0, 0.0, 1.0],
                [1.0, 0.0, 0.0, 0.140406, 0.0, 0.0, -1.0, 2.421663, 0.0, 1.0, 0.0, 0.352903, 0.0, 0.0, 0.0, 1.0],
                [1.0, 0.0, 0.0, 0.140406, 0.0, 0.0, -1.0, 2.421663, 0.0, 1.0, 0.0, 0.352903, 0.0, 0.0, 0.0, 1.0],
                [0.999961, -0.00386, 0.007898, 0.134378, 0.007896, -0.00043, -0.999969, 2.415549, 0.003863, 0.999992, -0.0004, 0.35513, 0.0, 0.0, 0.0, 1.0],
                [0.999555, -0.013083, 0.026805, 0.121116, 0.026786, -0.001584, -0.99964, 2.401794, 0.013121, 0.999913, -0.001233, 0.360466, 0.0, 0.0, 0.0, 1.0],
                [0.998482, -0.024135, 0.04952, 0.107855, 0.049457, -0.003201, -0.998771, 2.387284, 0.024263, 0.999704, -0.002002, 0.366894, 0.0, 0.0, 0.0, 1.0],
                [0.997067, -0.033497, 0.06882, 0.101826, 0.068699, -0.004772, -0.997626, 2.378899, 0.033746, 0.999428, -0.002457, 0.372395, 0.0, 0.0, 0.0, 1.0],
                [0.99571, -0.040465, 0.083216, 0.101828, 0.083038, -0.006063, -0.996528, 2.376029, 0.040829, 0.999163, -0.002676, 0.376534, 0.0, 0.0, 0.0, 1.0],
                [0.994278, -0.046682, 0.096084, 0.101835, 0.095847, -0.007302, -0.99537, 2.373461, 0.047168, 0.998883, -0.002786, 0.380238, 0.0, 0.0, 0.0, 1.0],
                [0.992833, -0.052193, 0.10751, 0.101855, 0.107212, -0.008471, -0.9942, 2.371178, 0.052801, 0.998601, -0.002815, 0.383531, 0.0, 0.0, 0.0, 1.0],
                [0.991424, -0.057043, 0.117579, 0.101894, 0.117224, -0.009555, -0.99306, 2.369163, 0.057771, 0.998326, -0.002787, 0.386437, 0.0, 0.0, 0.0, 1.0],
                [0.990088, -0.061276, 0.12638, 0.101958, 0.125969, -0.010544, -0.991978, 2.367399, 0.062117, 0.998066, -0.00272, 0.38898, 0.0, 0.0, 0.0, 1.0],
                [0.988852, -0.064937, 0.134, 0.102054, 0.133537, -0.011431, -0.990978, 2.36587, 0.065883, 0.997824, -0.002632, 0.391185, 0.0, 0.0, 0.0, 1.0],
                [0.987735, -0.068069, 0.140524, 0.102187, 0.140016, -0.012213, -0.990074, 2.36456, 0.069109, 0.997606, -0.002533, 0.393075, 0.0, 0.0, 0.0, 1.0],
                [0.986748, -0.070714, 0.146041, 0.102365, 0.145491, -0.012892, -0.989276, 2.36345, 0.071839, 0.997414, -0.002432, 0.394675, 0.0, 0.0, 0.0, 1.0],
                [0.985897, -0.072916, 0.150636, 0.102593, 0.150051, -0.013468, -0.988587, 2.362525, 0.074113, 0.997247, -0.002337, 0.396009, 0.0, 0.0, 0.0, 1.0],
                [0.98518, -0.074717, 0.154395, 0.102878, 0.15378, -0.013948, -0.988007, 2.361768, 0.075974, 0.997108, -0.002251, 0.397101, 0.0, 0.0, 0.0, 1.0],
                [0.984594, -0.076157, 0.157403, 0.103226, 0.156764, -0.014337, -0.987532, 2.361161, 0.077464, 0.996993, -0.002177, 0.397976, 0.0, 0.0, 0.0, 1.0],
                [0.984129, -0.077277, 0.159744, 0.103643, 0.159086, -0.014642, -0.987157, 2.360689, 0.078624, 0.996903, -0.002116, 0.398657, 0.0, 0.0, 0.0, 1.0],
                [0.983776, -0.078118, 0.161502, 0.104136, 0.160829, -0.014874, -0.986871, 2.360334, 0.079495, 0.996834, -0.002069, 0.399169, 0.0, 0.0, 0.0, 1.0],
                [0.98352, -0.078721, 0.162762, 0.104711, 0.162078, -0.015041, -0.986664, 2.36008, 0.080119, 0.996784, -0.002034, 0.399536, 0.0, 0.0, 0.0, 1.0],
                [0.983348, -0.079124, 0.163606, 0.105374, 0.162915, -0.015153, -0.986524, 2.359909, 0.080537, 0.99675, -0.00201, 0.399781, 0.0, 0.0, 0.0, 1.0],
                [0.983243, -0.079369, 0.164118, 0.106132, 0.163423, -0.015221, -0.986439, 2.359806, 0.080791, 0.99673, -0.001995, 0.399931, 0.0, 0.0, 0.0, 1.0],
                [0.983189, -0.079495, 0.164381, 0.106991, 0.163684, -0.015256, -0.986395, 2.359753, 0.080921, 0.996719, -0.001988, 0.400007, 0.0, 0.0, 0.0, 1.0],
                [0.983169, -0.079541, 0.164478, 0.107957, 0.163779, -0.015269, -0.986379, 2.359733, 0.080969, 0.996715, -0.001985, 0.400035, 0.0, 0.0, 0.0, 1.0],
                [0.983166, -0.079548, 0.164492, 0.109036, 0.163793, -0.015271, -0.986377, 2.35973, 0.080976, 0.996715, -0.001985, 0.400039, 0.0, 0.0, 0.0, 1.0],
                [0.984973, -0.07523, 0.155467, 0.111611, 0.154843, -0.014086, -0.987839, 2.363161, 0.076505, 0.997067, -0.002225, 0.397428, 0.0, 0.0, 0.0, 1.0],
                [0.989165, -0.064031, 0.132114, 0.116417, 0.131664, -0.011209, -0.991231, 2.372009, 0.06495, 0.997885, -0.002656, 0.390695, 0.0, 0.0, 0.0, 1.0],
                [0.993797, -0.048589, 0.100035, 0.122498, 0.099777, -0.007699, -0.99498, 2.384106, 0.049115, 0.99879, -0.002803, 0.381487, 0.0, 0.0, 0.0, 1.0],
                [0.997387, -0.031624, 0.064956, 0.128896, 0.064847, -0.004443, -0.997885, 2.397287, 0.031846, 0.99949, -0.00238, 0.371455, 0.0, 0.0, 0.0, 1.0],
                [0.999337, -0.01596, 0.03271, 0.134652, 0.032682, -0.00198, -0.999464, 2.409385, 0.016016, 0.999871, -0.001457, 0.362248, 0.0, 0.0, 0.0, 1.0],
                [0.999948, -0.004464, 0.009134, 0.138808, 0.009132, -0.0005, -0.999958, 2.418232, 0.004468, 0.99999, -0.00046, 0.355514, 0.0, 0.0, 0.0, 1.0],
                [1.0, 0.0, 0.0, 0.140406, 0.0, -0.0, -1.0, 2.421663, 0.0, 1.0, -0.0, 0.352903, 0.0, 0.0, 0.0, 1.0],
                [1.0, 0.0, 0.0, 0.140406, 0.0, 0.0, -1.0, 2.421663, 0.0, 1.0, 0.0, 0.353079, 0.0, 0.0, 0.0, 1.0],
                [1.0, 0.0, 0.0, 0.140406, 0.0, 0.0, -1.0, 2.421663, 0.0, 1.0, 0.0, 0.353587, 0.0, 0.0, 0.0, 1.0],
                [1.0, 0.0, 0.0, 0.140406, 0.0, 0.0, -1.0, 2.421663, 0.0, 1.0, 0.0, 0.3544, 0.0, 0.0, 0.0, 1.0],
                [1.0, 0.0, 0.0, 0.140406, 0.0, 0.0, -1.0, 2.421663, 0.0, 1.0, 0.0, 0.355489, 0.0, 0.0, 0.0, 1.0],
                [1.0, 0.0, 0.0, 0.140406, 0.0, 0.0, -1.0, 2.421663, 0.0, 1.0, 0.0, 0.356825, 0.0, 0.0, 0.0, 1.0],
                [1.0, 0.0, 0.0, 0.140406, 0.0, 0.0, -1.0, 2.421663, 0.0, 1.0, 0.0, 0.35838, 0.0, 0.0, 0.0, 1.0],
                [1.0, 0.0, 0.0, 0.140406, 0.0, 0.0, -1.0, 2.421663, 0.0, 1.0, 0.0, 0.360126, 0.0, 0.0, 0.0, 1.0],
                [1.0, 0.0, 0.0, 0.140406, 0.0, 0.0, -1.0, 2.421663, 0.0, 1.0, 0.0, 0.362035, 0.0, 0.0, 0.0, 1.0],
                [1.0, 0.0, 0.0, 0.140406, 0.0, 0.0, -1.0, 2.421663, 0.0, 1.0, 0.0, 0.364078, 0.0, 0.0, 0.0, 1.0],
                [1.0, 0.0, 0.0, 0.140406, 0.0, 0.0, -1.0, 2.421663, 0.0, 1.0, 0.0, 0.366226, 0.0, 0.0, 0.0, 1.0],
                [1.0, 0.0, 0.0, 0.140406, 0.0, 0.0, -1.0, 2.421663, 0.0, 1.0, 0.0, 0.368452, 0.0, 0.0, 0.0, 1.0],
                [1.0, 0.0, 0.0, 0.140406, 0.0, 0.0, -1.0, 2.421663, 0.0, 1.0, 0.0, 0.370727, 0.0, 0.0, 0.0, 1.0],
                [1.0, 0.0, 0.0, 0.140406, 0.0, 0.0, -1.0, 2.421663, 0.0, 1.0, 0.0, 0.373022, 0.0, 0.0, 0.0, 1.0],
                [1.0, 0.0, 0.0, 0.140406, 0.0, 0.0, -1.0, 2.421663, 0.0, 1.0, 0.0, 0.37531, 0.0, 0.0, 0.0, 1.0],
                [1.0, 0.0, 0.0, 0.140406, 0.0, 0.0, -1.0, 2.421663, 0.0, 1.0, 0.0, 0.377562, 0.0, 0.0, 0.0, 1.0],
                [1.0, 0.0, 0.0, 0.140406, 0.0, 0.0, -1.0, 2.421663, 0.0, 1.0, 0.0, 0.379749, 0.0, 0.0, 0.0, 1.0],
                [1.0, 0.0, 0.0, 0.140406, 0.0, 0.0, -1.0, 2.421663, 0.0, 1.0, 0.0, 0.381844, 0.0, 0.0, 0.0, 1.0],
                [1.0, 0.0, 0.0, 0.140406, 0.0, 0.0, -1.0, 2.421663, 0.0, 1.0, 0.0, 0.383817, 0.0, 0.0, 0.0, 1.0],
                [1.0, 0.0, 0.0, 0.140406, 0.0, 0.0, -1.0, 2.421663, 0.0, 1.0, 0.0, 0.385641, 0.0, 0.0, 0.0, 1.0],
                [1.0, 0.0, 0.0, 0.140406, 0.0, 0.0, -1.0, 2.421663, 0.0, 1.0, 0.0, 0.387287, 0.0, 0.0, 0.0, 1.0],
                [1.0, 0.0, 0.0, 0.140406, 0.0, 0.0, -1.0, 2.421663, 0.0, 1.0, 0.0, 0.388727, 0.0, 0.0, 0.0, 1.0],
                [1.0, 0.0, 0.0, 0.140406, 0.0, 0.0, -1.0, 2.421663, 0.0, 1.0, 0.0, 0.389932, 0.0, 0.0, 0.0, 1.0],
                [1.0, 0.0, 0.0, 0.140406, 0.0, 0.0, -1.0, 2.421663, 0.0, 1.0, 0.0, 0.390874, 0.0, 0.0, 0.0, 1.0],
                [0.999991, -0.001877, 0.003839, 0.139675, 0.003839, -1e-05, -0.999993, 2.420525, 0.001877, 0.999998, -3e-06, 0.391543, 0.0, 0.0, 0.0, 1.0],
                [0.999872, -0.007024, 0.014366, 0.137672, 0.014365, -0.000103, -0.999897, 2.417361, 0.007025, 0.999975, -2e-06, 0.392002, 0.0, 0.0, 0.0, 1.0],
                [0.999439, -0.01471, 0.03009, 0.134679, 0.030087, -0.000397, -0.999547, 2.412547, 0.014715, 0.999892, 4.6e-05, 0.392331, 0.0, 0.0, 0.0, 1.0],
                [0.99848, -0.024199, 0.049516, 0.130979, 0.049506, -0.001016, -0.998774, 2.406458, 0.02422, 0.999707, 0.000183, 0.392612, 0.0, 0.0, 0.0, 1.0],
                [0.996861, -0.034751, 0.071142, 0.126854, 0.071114, -0.002052, -0.997466, 2.399472, 0.034809, 0.999394, 0.000426, 0.392927, 0.0, 0.0, 0.0, 1.0],
                [0.994576, -0.045623, 0.09347, 0.122588, 0.093406, -0.003544, -0.995622, 2.391963, 0.045755, 0.998953, 0.000737, 0.393355, 0.0, 0.0, 0.0, 1.0],
                [0.99178, -0.05608, 0.115015, 0.118464, 0.114889, -0.00547, -0.993364, 2.384306, 0.056337, 0.998412, 0.001018, 0.393978, 0.0, 0.0, 0.0, 1.0],
                [0.988778, -0.0654, 0.134316, 0.114764, 0.134097, -0.007748, -0.990938, 2.376879, 0.065848, 0.997829, 0.001109, 0.394876, 0.0, 0.0, 0.0, 1.0],
                [0.986006, -0.072876, 0.14994, 0.11177, 0.149592, -0.010246, -0.988695, 2.370057, 0.073588, 0.997289, 0.000799, 0.396132, 0.0, 0.0, 0.0, 1.0],
                [0.983968, -0.077819, 0.160472, 0.109767, 0.159961, -0.012805, -0.987041, 2.364216, 0.078865, 0.996886, -0.000151, 0.397826, 0.0, 0.0, 0.0, 1.0],
                [0.983166, -0.079548, 0.164492, 0.109036, 0.163793, -0.015271, -0.986377, 2.35973, 0.080976, 0.996715, -0.001985, 0.400039, 0.0, 0.0, 0.0, 1.0],
                [0.98431, -0.078085, 0.158229, 0.109389, 0.157285, -0.018134, -0.987387, 2.356287, 0.07997, 0.996782, -0.005568, 0.403009, 0.0, 0.0, 0.0, 1.0],
                [0.987418, -0.074156, 0.139669, 0.110384, 0.138404, -0.021962, -0.990133, 2.353298, 0.076492, 0.997005, -0.011422, 0.406836, 0.0, 0.0, 0.0, 1.0],
                [0.991601, -0.068144, 0.109929, 0.111931, 0.108326, -0.026802, -0.993754, 2.350728, 0.070664, 0.997316, -0.019195, 0.411398, 0.0, 0.0, 0.0, 1.0],
                [0.995705, -0.060452, 0.070119, 0.113938, 0.068231, -0.032741, -0.997132, 2.348545, 0.062574, 0.997635, -0.028475, 0.416571, 0.0, 0.0, 0.0, 1.0],
                [0.998443, -0.05151, 0.021434, 0.116312, 0.019389, -0.039868, -0.999017, 2.346713, 0.052314, 0.997877, -0.038807, 0.422234, 0.0, 0.0, 0.0, 1.0],
                [0.998522, -0.041774, -0.034764, 0.118962, -0.03677, -0.048245, -0.998159, 2.3452, 0.040019, 0.997962, -0.04971, 0.428263, 0.0, 0.0, 0.0, 1.0],
                [0.994788, -0.031711, -0.096906, 0.121796, -0.09862, -0.057876, -0.993441, 2.343971, 0.025894, 0.99782, -0.060702, 0.434535, 0.0, 0.0, 0.0, 1.0],
                [0.986349, -0.02179, -0.163223, 0.124721, -0.164353, -0.068686, -0.984007, 2.342993, 0.010231, 0.997401, -0.07133, 0.440928, 0.0, 0.0, 0.0, 1.0],
                [0.972686, -0.012456, -0.231792, 0.127647, -0.232033, -0.080514, -0.96937, 2.34223, -0.006588, 0.996676, -0.081205, 0.447319, 0.0, 0.0, 0.0, 1.0],
                [0.953731, -0.004101, -0.300634, 0.13048, -0.299695, -0.093109, -0.949481, 2.34165, -0.024098, 0.995648, -0.09003, 0.453584, 0.0, 0.0, 0.0, 1.0],
                [0.929891, 0.002955, -0.367825, 0.13313, -0.365457, -0.106149, -0.924756, 2.341218, -0.041777, 0.994346, -0.097627, 0.459602, 0.0, 0.0, 0.0, 1.0],
                [0.902017, 0.008482, -0.431618, 0.135504, -0.427641, -0.11926, -0.896047, 2.3409, -0.059075, 0.992827, -0.103947, 0.465248, 0.0, 0.0, 0.0, 1.0],
                [0.871334, 0.012343, -0.490536, 0.137511, -0.484857, -0.132043, -0.864568, 2.340663, -0.075443, 0.991168, -0.109069, 0.470401, 0.0, 0.0, 0.0, 1.0],
                [0.839333, 0.014493, -0.543424, 0.139058, -0.536055, -0.144103, -0.831793, 2.340472, -0.090365, 0.989457, -0.113181, 0.474937, 0.0, 0.0, 0.0, 1.0],
                [0.80766, 0.014957, -0.589459, 0.140054, -0.580519, -0.15507, -0.799344, 2.340295, -0.103363, 0.987791, -0.116561, 0.478734, 0.0, 0.0, 0.0, 1.0],
                [0.778007, 0.013806, -0.628104, 0.140406, -0.617825, -0.164612, -0.768892, 2.340095, -0.114009, 0.986262, -0.119539, 0.481669, 0.0, 0.0, 0.0, 1.0],
                [0.75177, 0.011788, -0.65932, 0.140406, -0.647924, -0.172725, -0.741863, 2.339849, -0.122626, 0.9849, -0.122212, 0.483686, 0.0, 0.0, 0.0, 1.0],
                [0.729321, 0.009692, -0.684103, 0.140406, -0.671731, -0.179675, -0.718676, 2.339562, -0.129882, 0.983678, -0.12453, 0.485003, 0.0, 0.0, 0.0, 1.0],
                [0.710658, 0.007646, -0.703496, 0.140406, -0.69029, -0.185562, -0.699333, 2.339252, -0.135889, 0.982603, -0.126593, 0.485902, 0.0, 0.0, 0.0, 1.0],
                [0.695629, 0.005744, -0.718378, 0.140406, -0.704477, -0.190474, -0.68369, 2.338932, -0.14076, 0.981675, -0.128453, 0.486668, 0.0, 0.0, 0.0, 1.0],
                [0.68398, 0.004053, -0.729489, 0.140406, -0.715026, -0.194489, -0.671499, 2.338619, -0.1446, 0.980896, -0.130128, 0.487585, 0.0, 0.0, 0.0, 1.0],
                [0.675386, 0.002623, -0.73746, 0.140406, -0.722561, -0.197671, -0.662443, 2.338328, -0.147512, 0.980265, -0.131608, 0.488936, 0.0, 0.0, 0.0, 1.0],
                [0.669465, 0.001486, -0.742842, 0.140406, -0.727624, -0.200073, -0.65615, 2.338075, -0.149598, 0.979779, -0.132861, 0.491006, 0.0, 0.0, 0.0, 1.0],
                [0.665801, 0.000663, -0.746129, 0.140406, -0.730699, -0.201742, -0.65221, 2.337875, -0.150958, 0.979438, -0.133836, 0.494079, 0.0, 0.0, 0.0, 1.0],
                [0.663946, 0.000166, -0.747781, 0.140406, -0.732233, -0.202718, -0.650185, 2.337743, -0.151696, 0.979237, -0.134472, 0.498438, 0.0, 0.0, 0.0, 1.0],
                [0.663434, 0.0, -0.748235, 0.140406, -0.732651, -0.203035, -0.649615, 2.337696, -0.151918, 0.979171, -0.1347, 0.504368, 0.0, 0.0, 0.0, 1.0],
                [0.678789, -0.002384, -0.73433, 0.143902, -0.719666, -0.201024, -0.664582, 2.33802, -0.146034, 0.979583, -0.138168, 0.51542, 0.0, 0.0, 0.0, 1.0],
                [0.717976, -0.008893, -0.696011, 0.15312, -0.683798, -0.19593, -0.702874, 2.338875, -0.130119, 0.980577, -0.146755, 0.533258, 0.0, 0.0, 0.0, 1.0],
                [0.769842, -0.018614, -0.637963, 0.166151, -0.629248, -0.189284, -0.753802, 2.340083, -0.106725, 0.981745, -0.157431, 0.555337, 0.0, 0.0, 0.0, 1.0],
                [0.823565, -0.030404, -0.566406, 0.18109, -0.561713, -0.182549, -0.806941, 2.341468, -0.078863, 0.982726, -0.167419, 0.57911, 0.0, 0.0, 0.0, 1.0],
                [0.870498, -0.04275, -0.490311, 0.196029, -0.489604, -0.176843, -0.853823, 2.342853, -0.050207, 0.98331, -0.174872, 0.602033, 0.0, 0.0, 0.0, 1.0],
                [0.905473, -0.053854, -0.420974, 0.209061, -0.423677, -0.172755, -0.889187, 2.344061, -0.024839, 0.983491, -0.179242, 0.621558, 0.0, 0.0, 0.0, 1.0],
                [0.926709, -0.061833, -0.370658, 0.218278, -0.375719, -0.170381, -0.910937, 2.344915, -0.006827, 0.983436, -0.181125, 0.63514, 0.0, 0.0, 0.0, 1.0],
                [0.933991, -0.064878, -0.351358, 0.221775, -0.357297, -0.169593, -0.918464, 2.345239, 0.0, 0.983376, -0.181579, 0.640233, 0.0, 0.0, 0.0, 1.0]
            ]
        },
        {
            "name": "Thigh_R",
            "time": [0.0, 0.01, 0.02, 0.03, 0.04, 0.05, 0.06, 0.07, 0.08, 0.09, 0.1, 0.11, 0.12, 0.13, 0.14, 0.15, 0.16, 0.17, 0.18, 0.19, 0.2, 0.21, 0.22, 0.23, 0.24, 0.25, 0.26, 0.27, 0.28, 0.29, 0.3, 0.31, 0.32, 0.33, 0.34, 0.35, 0.36, 0.37, 0.38, 0.39, 0.4, 0.41, 0.42, 0.43, 0.44, 0.45, 0.46, 0.47, 0.48, 0.49, 0.5, 0.51, 0.52, 0.53, 0.54, 0.55, 0.56, 0.57, 0.58, 0.59, 0.6, 0.61, 0.62, 0.63, 0.64, 0.65, 0.66, 0.67, 0.68, 0.69, 0.7, 0.71, 0.72, 0.73, 0.74, 0.75, 0.76, 0.77, 0.78, 0.79, 0.8, 0.81, 0.82, 0.83, 0.84, 0.85, 0.86, 0.87, 0.88, 0.89, 0.9, 0.91, 0.92, 0.93, 0.94, 0.95, 0.96, 0.97, 0.98, 0.99, 1.0, 1.01, 1.02, 1.03, 1.04, 1.05, 1.06, 1.07, 1.08, 1.09, 1.1, 1.11, 1.12, 1.13, 1.14, 1.15, 1.16, 1.17, 1.18, 1.19, 1.2, 1.21, 1.22, 1.23, 1.24, 1.25, 1.26, 1.27, 1.28, 1.29, 1.3, 1.31, 1.32, 1.33, 1.34, 1.35, 1.36, 1.37, 1.38, 1.39, 1.4, 1.41, 1.42, 1.43, 1.44, 1.45, 1.46, 1.47, 1.48, 1.49, 1.5, 1.51, 1.52, 1.53, 1.54, 1.55, 1.56, 1.57, 1.58, 1.59, 1.6, 1.61, 1.62, 1.63, 1.64, 1.65],
            "transform": [
                [0.970704, 0.19891, 0.134789, 0.127585, 0.206158, -0.977617, -0.041995, -0.010598, 0.123419, 0.068552, -0.989984, -0.01119, 0.0, 0.0, 0.0, 1.0],
                [0.944449, 0.273517, 0.182218, 0.127714, 0.28909, -0.955112, -0.064709, -0.008769, 0.156339, 0.113792, -0.981127, -0.008531, 0.0, 0.0, 0.0, 1.0],
                [0.856248, 0.42418, 0.294806, 0.128001, 0.468871, -0.877709, -0.098926, -0.004693, 0.216792, 0.222931, -0.950422, -0.002604, 0.0, 0.0, 0.0, 1.0],
                [0.728272, 0.545696, 0.41453, 0.128298, 0.634391, -0.765617, -0.106664, -0.000485, 0.259165, 0.340655, -0.903762, 0.003515, 0.0, 0.0, 0.0, 1.0],
                [0.651753, 0.58625, 0.481174, 0.128455, 0.703345, -0.704572, -0.094252, 0.001741, 0.283767, 0.399861, -0.871543, 0.006751, 0.0, 0.0, 0.0, 1.0],
                [0.63887, 0.582597, 0.50242, 0.128487, 0.706343, -0.702985, -0.083006, 0.002198, 0.304835, 0.407911, -0.860629, 0.007415, 0.0, 0.0, 0.0, 1.0],
                [0.629269, 0.580347, 0.51693, 0.12851, 0.7081, -0.70227, -0.073559, 0.002525, 0.320336, 0.412327, -0.85286, 0.007891, 0.0, 0.0, 0.0, 1.0],
                [0.622521, 0.579917, 0.525512, 0.128526, 0.708669, -0.702621, -0.064126, 0.002745, 0.332048, 0.412334, -0.848365, 0.00821, 0.0, 0.0, 0.0, 1.0],
                [0.618064, 0.581658, 0.528838, 0.128535, 0.708003, -0.704225, -0.052894, 0.002878, 0.341655, 0.407111, -0.847072, 0.008404, 0.0, 0.0, 0.0, 1.0],
                [0.61527, 0.585851, 0.527466, 0.12854, 0.70598, -0.70721, -0.03801, 0.002946, 0.350761, 0.395768, -0.848725, 0.008503, 0.0, 0.0, 0.0, 1.0],
                [0.613501, 0.592699, 0.521846, 0.128542, 0.702394, -0.711571, -0.017576, 0.002972, 0.360913, 0.377325, -0.852858, 0.00854, 0.0, 0.0, 0.0, 1.0],
                [0.612145, 0.602334, 0.51232, 0.128542, 0.696919, -0.717075, 0.010351, 0.002975, 0.373606, 0.350709, -0.858732, 0.008545, 0.0, 0.0, 0.0, 1.0],
                [0.771755, 0.547002, 0.324318, 0.128542, 0.550869, -0.829855, 0.088791, 0.002975, 0.317705, 0.110132, -0.941772, 0.008545, 0.0, 0.0, 0.0, 1.0],
                [0.963339, 0.267426, -0.021469, 0.128542, 0.260556, -0.913511, 0.312424, 0.002975, 0.063938, -0.306564, -0.9497, 0.008545, 0.0, 0.0, 0.0, 1.0],
                [0.984772, 0.054032, -0.165245, 0.128542, 0.131266, -0.854296, 0.502939, 0.002975, -0.113993, -0.516971, -0.848379, 0.008545, 0.0, 0.0, 0.0, 1.0],
                [0.985223, 0.046344, -0.16489, 0.12831, 0.134589, -0.804901, 0.577945, 0.002738, -0.105935, -0.591597, -0.799244, 0.008428, 0.0, 0.0, 0.0, 1.0],
                [0.985791, 0.042093, -0.162619, 0.12765, 0.136861, -0.762567, 0.632266, 0.002065, -0.097394, -0.645539, -0.757492, 0.008094, 0.0, 0.0, 0.0, 1.0],
                [0.986571, 0.041921, -0.157862, 0.126615, 0.138345, -0.728244, 0.671209, 0.001008, -0.086824, -0.684035, -0.724264, 0.007572, 0.0, 0.0, 0.0, 1.0],
                [0.987609, 0.046585, -0.149861, 0.125258, 0.13912, -0.701784, 0.698674, -0.000376, -0.072623, -0.710865, -0.699569, 0.006887, 0.0, 0.0, 0.0, 1.0],
                [0.988841, 0.056911, -0.137677, 0.123634, 0.139183, -0.682464, 0.717545, -0.002033, -0.053123, -0.728701, -0.682769, 0.006067, 0.0, 0.0, 0.0, 1.0],
                [0.990004, 0.073742, -0.120226, 0.121796, 0.138503, -0.669238, 0.730025, -0.003909, -0.026627, -0.73938, -0.672762, 0.005138, 0.0, 0.0, 0.0, 1.0],
                [0.990527, 0.097833, -0.096361, 0.119798, 0.137056, -0.66086, 0.737888, -0.005948, 0.008509, -0.744105, -0.668008, 0.004129, 0.0, 0.0, 0.0, 1.0],
                [0.989416, 0.129724, -0.065027, 0.117692, 0.134812, -0.655937, 0.742679, -0.008097, 0.05369, -0.743585, -0.666483, 0.003065, 0.0, 0.0, 0.0, 1.0],
                [0.983448, 0.179088, -0.027522, 0.115532, 0.142683, -0.671836, 0.726827, -0.0103, 0.111676, -0.718724, -0.686269, 0.001975, 0.0, 0.0, 0.0, 1.0],
                [0.968217, 0.249484, 0.017733, 0.113373, 0.172674, -0.718052, 0.674229, -0.012504, 0.180942, -0.649738, -0.738309, 0.000885, 0.0, 0.0, 0.0, 1.0],
                [0.940668, 0.330709, 0.075994, 0.111267, 0.226021, -0.777691, 0.586609, -0.014653, 0.253097, -0.534629, -0.806296, -0.000179, 0.0, 0.0, 0.0, 1.0],
                [0.899595, 0.410208, 0.149862, 0.109268, 0.300811, -0.830777, 0.468318, -0.016693, 0.31661, -0.376216, -0.870758, -0.001188, 0.0, 0.0, 0.0, 1.0],
                [0.847563, 0.475134, 0.2364, 0.10743, 0.389633, -0.859562, 0.330662, -0.018568, 0.36031, -0.188148, -0.913661, -0.002117, 0.0, 0.0, 0.0, 1.0],
                [0.791099, 0.517054, 0.326829, 0.105806, 0.480444, -0.855932, 0.191187, -0.020226, 0.378598, 0.005775, -0.925543, -0.002936, 0.0, 0.0, 0.0, 1.0],
                [0.738424, 0.53557, 0.40975, 0.10445, 0.56079, -0.825166, 0.06793, -0.02161, 0.374493, 0.179622, -0.909665, -0.003621, 0.0, 0.0, 0.0, 1.0],
                [0.696444, 0.53752, 0.475434, 0.103415, 0.622024, -0.782551, -0.026432, -0.022666, 0.357844, 0.31414, -0.879354, -0.004144, 0.0, 0.0, 0.0, 1.0],
                [0.669429, 0.53277, 0.517708, 0.102755, 0.660161, -0.746219, -0.085698, -0.02334, 0.340666, 0.399139, -0.851254, -0.004478, 0.0, 0.0, 0.0, 1.0],
                [0.659896, 0.529911, 0.532665, 0.102523, 0.673413, -0.731556, -0.106487, -0.023576, 0.333246, 0.428974, -0.8396, -0.004595, 0.0, 0.0, 0.0, 1.0],
                [0.659896, 0.529911, 0.532665, 0.102523, 0.673413, -0.731556, -0.106487, -0.023576, 0.333246, 0.428974, -0.8396, -0.004596, 0.0, 0.0, 0.0, 1.0],
                [0.659896, 0.529911, 0.532665, 0.102523, 0.673413, -0.731556, -0.106487, -0.023577, 0.333246, 0.428974, -0.8396, -0.004595, 0.0, 0.0, 0.0, 1.0],
                [0.659896, 0.529911, 0.532665, 0.102523, 0.673413, -0.731556, -0.106487, -0.023576, 0.333246, 0.428974, -0.8396, -0.004595, 0.0, 0.0, 0.0, 1.0],
                [0.659895, 0.529912, 0.532665, 0.102523, 0.673413, -0.731556, -0.106487, -0.023578, 0.333246, 0.428974, -0.8396, -0.004594, 0.0, 0.0, 0.0, 1.0],
                [0.659895, 0.529911, 0.532665, 0.102523, 0.673413, -0.731556, -0.106487, -0.023577, 0.333246, 0.428974, -0.8396, -0.004595, 0.0, 0.0, 0.0, 1.0],
                [0.659895, 0.529911, 0.532665, 0.102523, 0.673413, -0.731556, -0.106487, -0.023578, 0.333246, 0.428974, -0.8396, -0.004595, 0.0, 0.0, 0.0, 1.0],
                [0.659896, 0.529911, 0.532665, 0.102522, 0.673413, -0.731556, -0.106487, -0.023578, 0.333246, 0.428974, -0.8396, -0.004595, 0.0, 0.0, 0.0, 1.0],
                [0.664291, 0.527521, 0.529565, 0.103037, 0.670377, -0.733833, -0.109926, -0.02243, 0.330624, 0.428031, -0.841117, -0.004247, 0.0, 0.0, 0.0, 1.0],
                [0.676581, 0.520988, 0.520394, 0.104461, 0.661836, -0.740049, -0.119581, -0.019261, 0.322817, 0.425321, -0.845512, -0.003286, 0.0, 0.0, 0.0, 1.0],
                [0.695291, 0.511196, 0.505222, 0.106616, 0.648512, -0.749248, -0.13438, -0.014468, 0.309843, 0.421076, -0.852463, -0.001836, 0.0, 0.0, 0.0, 1.0],
                [0.718824, 0.498999, 0.484037, 0.109323, 0.631052, -0.760467, -0.153176, -0.008464, 0.29166, 0.415559, -0.861536, -1.6e-05, 0.0, 0.0, 0.0, 1.0],
                [0.74552, 0.48528, 0.456841, 0.112404, 0.610132, -0.77278, -0.174787, -0.00165, 0.268217, 0.40904, -0.872208, 0.002048, 0.0, 0.0, 0.0, 1.0],
                [0.773703, 0.470999, 0.423726, 0.115679, 0.586538, -0.785338, -0.198034, 0.005571, 0.239495, 0.401751, -0.883877, 0.004235, 0.0, 0.0, 0.0, 1.0],
                [0.801742, 0.457205, 0.384933, 0.118971, 0.561217, -0.797396, -0.221798, 0.012791, 0.205537, 0.393856, -0.895897, 0.006421, 0.0, 0.0, 0.0, 1.0],
                [0.828097, 0.445038, 0.340877, 0.122099, 0.535296, -0.80833, -0.245071, 0.019605, 0.166475, 0.385413, -0.907603, 0.008486, 0.0, 0.0, 0.0, 1.0],
                [0.851356, 0.435707, 0.292151, 0.124887, 0.510076, -0.817636, -0.267008, 0.02561, 0.122536, 0.376339, -0.918343, 0.010305, 0.0, 0.0, 0.0, 1.0],
                [0.870257, 0.430451, 0.23951, 0.127154, 0.487002, -0.824908, -0.286977, 0.0304, 0.074044, 0.366385, -0.927512, 0.011756, 0.0, 0.0, 0.0, 1.0],
                [0.883673, 0.4305, 0.183827, 0.128722, 0.467616, -0.829798, -0.304583, 0.033571, 0.021417, 0.355112, -0.934579, 0.012716, 0.0, 0.0, 0.0, 1.0],
                [0.890576, 0.437018, 0.126057, 0.129412, 0.453499, -0.831949, -0.319686, 0.034718, -0.034836, 0.341872, -0.939101, 0.013064, 0.0, 0.0, 0.0, 1.0],
                [0.884207, 0.462855, 0.062807, 0.129524, 0.459937, -0.839296, -0.289896, 0.026808, -0.081466, 0.285216, -0.954995, 0.011333, 0.0, 0.0, 0.0, 1.0],
                [0.875606, 0.48273, 0.016932, 0.12954, 0.472796, -0.849357, -0.234643, 0.013151, -0.098888, 0.21346, -0.971934, 0.008889, 0.0, 0.0, 0.0, 1.0],
                [0.88154, 0.47211, 0.000171, 0.129414, 0.461756, -0.86213, -0.208599, 0.005062, -0.098335, 0.183967, -0.978001, 0.007886, 0.0, 0.0, 0.0, 1.0],
                [0.892571, 0.450839, -0.007867, 0.12918, 0.440449, -0.87547, -0.198885, 0.002082, -0.096553, 0.174054, -0.979991, 0.007517, 0.0, 0.0, 0.0, 1.0],
                [0.898336, 0.439196, -0.00995, 0.129054, 0.428805, -0.881555, -0.19745, 0.001656, -0.095491, 0.17311, -0.980262, 0.007464, 0.0, 0.0, 0.0, 1.0],
                [0.898336, 0.439196, -0.00995, 0.129054, 0.428805, -0.881555, -0.19745, 0.001656, -0.095491, 0.17311, -0.980262, 0.007464, 0.0, 0.0, 0.0, 1.0],
                [0.898336, 0.439196, -0.00995, 0.129054, 0.428805, -0.881555, -0.19745, 0.001656, -0.095491, 0.17311, -0.980262, 0.007464, 0.0, 0.0, 0.0, 1.0],
                [0.898336, 0.439196, -0.00995, 0.129054, 0.428805, -0.881555, -0.19745, 0.001656, -0.095491, 0.17311, -0.980262, 0.007464, 0.0, 0.0, 0.0, 1.0],
                [0.898336, 0.439196, -0.00995, 0.129054, 0.428805, -0.881555, -0.19745, 0.001656, -0.095491, 0.17311, -0.980262, 0.007464, 0.0, 0.0, 0.0, 1.0],
                [0.898336, 0.439196, -0.00995, 0.129054, 0.428805, -0.881555, -0.19745, 0.001656, -0.095491, 0.17311, -0.980262, 0.007464, 0.0, 0.0, 0.0, 1.0],
                [0.898336, 0.439196, -0.00995, 0.129054, 0.428805, -0.881555, -0.19745, 0.001656, -0.095491, 0.17311, -0.980262, 0.007464, 0.0, 0.0, 0.0, 1.0],
                [0.898336, 0.439196, -0.00995, 0.129054, 0.428805, -0.881555, -0.19745, 0.001656, -0.095491, 0.17311, -0.980262, 0.007464, 0.0, 0.0, 0.0, 1.0],
                [0.898336, 0.439196, -0.00995, 0.129054, 0.428805, -0.881555, -0.19745, 0.001656, -0.095491, 0.17311, -0.980262, 0.007464, 0.0, 0.0, 0.0, 1.0],
                [0.898336, 0.439196, -0.00995, 0.129054, 0.428805, -0.881555, -0.19745, 0.001656, -0.095491, 0.17311, -0.980262, 0.007464, 0.0, 0.0, 0.0, 1.0],
                [0.898336, 0.439196, -0.00995, 0.129054, 0.428805, -0.881555, -0.19745, 0.001656, -0.095491, 0.17311, -0.980262, 0.007464, 0.0, 0.0, 0.0, 1.0],
                [0.898336, 0.439196, -0.00995, 0.129054, 0.428805, -0.881555, -0.19745, 0.001656, -0.095491, 0.17311, -0.980262, 0.007464, 0.0, 0.0, 0.0, 1.0],
                [0.898336, 0.439196, -0.00995, 0.129054, 0.428805, -0.881555, -0.19745, 0.001656, -0.095491, 0.17311, -0.980262, 0.007464, 0.0, 0.0, 0.0, 1.0],
                [0.898336, 0.439196, -0.00995, 0.129054, 0.428805, -0.881555, -0.19745, 0.001656, -0.095491, 0.17311, -0.980262, 0.007464, 0.0, 0.0, 0.0, 1.0],
                [0.898336, 0.439196, -0.00995, 0.129054, 0.428805, -0.881555, -0.19745, 0.001656, -0.095491, 0.17311, -0.980262, 0.007464, 0.0, 0.0, 0.0, 1.0],
                [0.898336, 0.439196, -0.00995, 0.129054, 0.428805, -0.881555, -0.19745, 0.001656, -0.095491, 0.17311, -0.980262, 0.007464, 0.0, 0.0, 0.0, 1.0],
                [0.898336, 0.439196, -0.00995, 0.129054, 0.428805, -0.881555, -0.19745, 0.001656, -0.095491, 0.17311, -0.980262, 0.007463, 0.0, 0.0, 0.0, 1.0],
                [0.898336, 0.439196, -0.00995, 0.129054, 0.428805, -0.881555, -0.19745, 0.001656, -0.095491, 0.17311, -0.980262, 0.007464, 0.0, 0.0, 0.0, 1.0],
                [0.898336, 0.439196, -0.00995, 0.129054, 0.428805, -0.881555, -0.19745, 0.001656, -0.095491, 0.17311, -0.980262, 0.007464, 0.0, 0.0, 0.0, 1.0],
                [0.898336, 0.439196, -0.00995, 0.129054, 0.428805, -0.881555, -0.19745, 0.001656, -0.095491, 0.17311, -0.980262, 0.007464, 0.0, 0.0, 0.0, 1.0],
                [0.898336, 0.439196, -0.00995, 0.129054, 0.428805, -0.881555, -0.19745, 0.001656, -0.095491, 0.17311, -0.980262, 0.007464, 0.0, 0.0, 0.0, 1.0],
                [0.898336, 0.439196, -0.00995, 0.129054, 0.428805, -0.881555, -0.19745, 0.001656, -0.095491, 0.17311, -0.980262, 0.007464, 0.0, 0.0, 0.0, 1.0],
                [0.898336, 0.439196, -0.00995, 0.129054, 0.428805, -0.881555, -0.19745, 0.001656, -0.095491, 0.17311, -0.980262, 0.007464, 0.0, 0.0, 0.0, 1.0],
                [0.898336, 0.439196, -0.00995, 0.129054, 0.428805, -0.881555, -0.19745, 0.001656, -0.095491, 0.17311, -0.980262, 0.007464, 0.0, 0.0, 0.0, 1.0],
                [0.898336, 0.439196, -0.00995, 0.129054, 0.428805, -0.881555, -0.19745, 0.001656, -0.095491, 0.17311, -0.980262, 0.007464, 0.0, 0.0, 0.0, 1.0],
