{
    "animation": [
        {
            "name": "Root",
            "time": [0.0, 0.05, 0.1, 0.15, 0.2, 0.25, 0.2833, 0.3167, 0.35, 0.5],
            "transform": [
                [-0.998551, 0.0, 0.053812, -5e-06, 0.053811, -0.003781, 0.998544, 0.000946, 0.000203, 0.999993, 0.003775, 0.50059, 0.0, 0.0, 0.0, 1.0],
                [-0.861633, -0.0, 0.507533, -5e-06, 0.490732, 0.255165, 0.833111, 0.472037, -0.129505, 0.966897, -0.219859, 0.45059, 0.0, 0.0, 0.0, 1.0],
                [-0.792734, 0.0, 0.609568, -5e-06, 0.589389, 0.255165, 0.766492, 1.169939, -0.15554, 0.966897, -0.202278, 0.50059, 0.0, 0.0, 0.0, 1.0],
                [-0.031046, 0.0, 0.999518, -5e-06, 0.966431, 0.255165, 0.030019, 1.663023, -0.255042, 0.966897, -0.007922, 0.50059, 0.0, 0.0, 0.0, 1.0],
                [0.176375, -0.022136, 0.984074, -5e-06, 0.971291, 0.166059, -0.170348, 2.373869, -0.159644, 0.985867, 0.05079, 0.511266, 0.0, 0.0, 0.0, 1.0],
                [0.44212, -0.081983, 0.893202, -5e-06, 0.89689, 0.052497, -0.439127, 3.452946, -0.01089, 0.99525, 0.09674, 0.441943, 0.0, 0.0, 0.0, 1.0],
                [0.991462, -0.097749, 0.086299, -5e-06, 0.098349, 0.126037, -0.987138, 4.148947, 0.085615, 0.987198, 0.134574, 0.532619, 0.0, 0.0, 0.0, 1.0],
                [0.638233, -0.047209, -0.768394, -5e-06, -0.751765, 0.176816, -0.635284, 4.816947, 0.165855, 0.983111, 0.077359, 0.543295, 0.0, 0.0, 0.0, 1.0],
                [0.075275, -0.0, -0.997163, -5e-06, -0.98145, 0.176824, -0.074089, 5.000947, 0.176322, 0.984242, 0.01331, 0.553972, 0.0, 0.0, 0.0, 1.0],
                [0.075275, -0.0, -0.997163, -5e-06, -0.98145, 0.176824, -0.074089, 5.000947, 0.176322, 0.984242, 0.01331, 0.553972, 0.0, 0.0, 0.0, 1.0]
            ]
        },
        {
            "name": "Thigh_R",
            "time": [0.0, 0.05, 0.1, 0.15, 0.2, 0.25, 0.2833, 0.3167, 0.35, 0.5],
            "transform": [
                [0.522961, 0.157353, 0.837707, 0.124994, 0.171464, -0.982142, 0.077443, -0.002831, 0.834933, 0.103137, -0.540602, -1.2e-05, 0.0, 0.0, 0.0, 1.0],
                [-0.398454, 0.212743, 0.892174, 0.124994, 0.827564, -0.335993, 0.449718, -0.002831, 0.395439, 0.917523, -0.042181, -1.2e-05, 0.0, 0.0, 0.0, 1.0],
                [0.746349, 0.170273, 0.643406, 0.124994, -0.103553, -0.925239, 0.364978, -0.00283, 0.657451, -0.339028, -0.672919, -1.2e-05, 0.0, 0.0, 0.0, 1.0],
                [0.425785, -0.580819, 0.693799, 0.090411, -0.252022, -0.812561, -0.525575, -0.060406, 0.869018, 0.048929, -0.492356, 0.032073, 0.0, 0.0, 0.0, 1.0],
                [0.207877, 0.354789, 0.911544, 0.107702, 0.145116, -0.932775, 0.329959, -0.031618, 0.967331, 0.063688, -0.245388, 0.016031, 0.0, 0.0, 0.0, 1.0],
                [0.445949, 0.89461, 0.028328, 0.124994, 0.274154, -0.166653, 0.947136, -0.002831, 0.852038, -0.414609, -0.31958, -1.2e-05, 0.0, 0.0, 0.0, 1.0],
                [0.973252, 0.163672, 0.161221, 0.124994, -0.099678, -0.331427, 0.938201, -0.002831, 0.20699, -0.929176, -0.306248, -1.2e-05, 0.0, 0.0, 0.0, 1.0],
                [0.895796, 0.428181, 0.119213, 0.124995, 0.310317, -0.794532, 0.521941, -0.002831, 0.318203, -0.430558, -0.84461, -1.3e-05, 0.0, 0.0, 0.0, 1.0],
                [0.893074, 0.360406, -0.269307, 0.124993, 0.446668, -0.781982, 0.434732, -0.002831, -0.053913, -0.508539, -0.85935, -1.2e-05, 0.0, 0.0, 0.0, 1.0],
                [0.893074, 0.360406, -0.269307, 0.124993, 0.446668, -0.781982, 0.434732, -0.002831, -0.053912, -0.508539, -0.85935, -1.2e-05, 0.0, 0.0, 0.0, 1.0]
            ]
        },
        {
            "name": "Leg_R",
            "time": [0.0, 0.05, 0.1, 0.15, 0.2, 0.25, 0.2833, 0.3167, 0.35, 0.5],
            "transform": [
                [1.0, 3.5e-05, 2.9e-05, 0.0, -3.7e-05, 0.267936, 0.963437, 0.374854, 2.6e-05, -0.963437, 0.267936, -0.0, 0.0, 0.0, 0.0, 1.0],
                [1.0, -8e-06, 2e-06, -0.0, 8e-06, 0.998619, 0.05253, 0.374854, -3e-06, -0.05253, 0.998619, -0.0, 0.0, 0.0, 0.0, 1.0],
                [1.0, 3.6e-05, 3.7e-05, 0.0, -3.8e-05, 0.025978, 0.999663, 0.374854, 3.5e-05, -0.999662, 0.025978, 0.0, 0.0, 0.0, 0.0, 1.0],
                [1.0, 8e-06, 3e-06, -0.0, -9e-06, 0.973436, 0.228959, 0.374854, -1e-06, -0.228959, 0.973436, 0.0, 0.0, 0.0, 0.0, 1.0],
                [1.0, 3.5e-05, 3.5e-05, 0.0, -3.8e-05, 0.092057, 0.995754, 0.374854, 3.2e-05, -0.995754, 0.092057, 0.0, 0.0, 0.0, 0.0, 1.0],
                [1.0, 2.3e-05, 6.6e-05, -0.0, -2.4e-05, -0.771622, 0.636081, 0.374853, 6.6e-05, -0.636082, -0.771622, 0.0, 0.0, 0.0, 0.0, 1.0],
                [1.0, 3.5e-05, 3e-05, -0.0, -3.7e-05, 0.221134, 0.975244, 0.374854, 2.7e-05, -0.975243, 0.221134, -0.0, 0.0, 0.0, 0.0, 1.0],
                [1.0, 3.3e-05, 2.4e-05, -0.0, -3.5e-05, 0.409654, 0.91224, 0.374854, 2e-05, -0.912241, 0.409654, -0.0, 0.0, 0.0, 0.0, 1.0],
                [1.0, 2.2e-05, 1e-05, -1e-06, -2.3e-05, 0.800034, 0.599954, 0.374853, 5e-06, -0.599954, 0.800034, -0.0, 0.0, 0.0, 0.0, 1.0],
                [1.0, 2.2e-05, 1e-05, -1e-06, -2.3e-05, 0.800034, 0.599954, 0.374853, 5e-06, -0.599954, 0.800034, -0.0, 0.0, 0.0, 0.0, 1.0]
            ]
        },
        {
            "name": "Knee_R",
            "time": [0.0, 0.05, 0.1, 0.15, 0.2, 0.25, 0.2833, 0.3167, 0.35, 0.5],
            "transform": [
                [1.0, 2.6e-05, 7e-06, 0.0, -1e-05, 0.605328, -0.795977, 0.374854, -2.4e-05, 0.795976, 0.605328, -0.0, 0.0, 0.0, 0.0, 1.0],
                [1.0, -3e-06, -2e-06, 0.0, -2e-06, 0.026679, -0.999644, 0.374854, 3e-06, 0.999644, 0.026678, 0.0, 0.0, 0.0, 0.0, 1.0],
                [1.0, 2.9e-05, 1e-05, 0.0, -1.3e-05, 0.698151, -0.71595, 0.374854, -2.8e-05, 0.71595, 0.698151, -0.0, 0.0, 0.0, 0.0, 1.0],
                [1.0, 5e-06, -2e-06, -0.0, -2e-06, 0.115649, -0.99329, 0.374854, -5e-06, 0.99329, 0.115649, 0.0, 0.0, 0.0, 0.0, 1.0],
                [1.0, 2.8e-05, 9e-06, 0.0, -1.2e-05, 0.674073, -0.738665, 0.374854, -2.6e-05, 0.738665, 0.674073, 0.0, 0.0, 0.0, 0.0, 1.0],
                [1.0, 3.8e-05, 2.5e-05, -0.0, -2.7e-05, 0.941312, -0.337538, 0.374853, -3.7e-05, 0.337538, 0.941312, 0.0, 0.0, 0.0, 0.0, 1.0],
                [1.0, 2.6e-05, 7e-06, 0.0, -1.1e-05, 0.624361, -0.781136, 0.374854, -2.5e-05, 0.781135, 0.624362, -0.0, 0.0, 0.0, 0.0, 1.0],
                [1.0, 2.3e-05, 5e-06, -0.0, -8e-06, 0.543638, -0.83932, 0.374854, -2.2e-05, 0.83932, 0.543638, 0.0, 0.0, 0.0, 0.0, 1.0],
                [1.0, 1.3e-05, 0.0, -0.0, -4e-06, 0.316584, -0.948564, 0.374853, -1.3e-05, 0.948564, 0.316584, -0.0, 0.0, 0.0, 0.0, 1.0],
                [1.0, 1.4e-05, 0.0, -0.0, -4e-06, 0.316584, -0.948564, 0.374853, -1.3e-05, 0.948564, 0.316584, -0.0, 0.0, 0.0, 0.0, 1.0]
            ]
        },
        {
            "name": "Thigh_L",
            "time": [0.0, 0.05, 0.1, 0.15, 0.2, 0.25, 0.2833, 0.3167, 0.35, 0.5],
            "transform": [
                [0.827556, 0.451506, -0.333606, -0.125006, 0.535501, -0.456537, 0.710502, -0.002831, 0.168493, -0.766627, -0.619592, -1.2e-05, 0.0, 0.0, 0.0, 1.0],
                [0.490509, 0.230976, 0.840268, -0.111711, -0.620519, -0.584426, 0.522879, -0.117336, 0.611847, -0.777879, -0.143341, -0.112475, 0.0, 0.0, 0.0, 1.0],
                [0.77159, 0.20751, 0.601322, -0.125006, -0.334822, -0.671272, 0.661278, -0.00283, 0.540872, -0.711571, -0.448469, -1.2e-05, 0.0, 0.0, 0.0, 1.0],
                [0.3445, 0.913416, 0.216773, -0.082927, 0.586218, -0.389662, 0.71029, -0.046565, 0.733259, -0.117618, -0.6697, -0.030132, 0.0, 0.0, 0.0, 1.0],
                [0.584899, 0.368414, 0.722609, -0.103967, -0.267585, -0.753373, 0.600689, -0.024698, 0.765696, -0.544702, -0.342066, -0.015072, 0.0, 0.0, 0.0, 1.0],
                [0.515626, -0.852611, 0.084757, -0.125006, -0.62412, -0.441524, -0.644617, -0.002831, 0.58703, 0.279482, -0.759793, -1.2e-05, 0.0, 0.0, 0.0, 1.0],
                [0.991932, -0.125207, 0.019863, -0.125006, -0.085628, -0.777255, -0.623333, -0.002831, 0.093484, 0.616602, -0.781705, -1.1e-05, 0.0, 0.0, 0.0, 1.0],
                [0.728277, -0.682119, -0.065777, -0.125006, -0.213409, -0.316962, 0.924117, -0.00283, -0.651206, -0.658975, -0.376407, -1.2e-05, 0.0, 0.0, 0.0, 1.0],
                [0.390324, -0.902022, -0.184399, -0.125006, -0.438532, -0.358256, 0.824222, -0.002831, -0.809529, -0.240849, -0.535401, -1.2e-05, 0.0, 0.0, 0.0, 1.0],
                [0.390324, -0.902022, -0.184399, -0.125006, -0.438532, -0.358256, 0.824222, -0.002831, -0.809529, -0.240849, -0.535402, -1.2e-05, 0.0, 0.0, 0.0, 1.0]
            ]
        },
        {
            "name": "Leg_L",
            "time": [0.0, 0.05, 0.1, 0.15, 0.2, 0.25, 0.2833, 0.3167, 0.35, 0.5],
            "transform": [
                [1.0, 9e-06, 5e-06, -0.0, -1e-05, 0.597589, 0.801803, 0.374854, 4e-06, -0.801802, 0.597589, 0.0, 0.0, 0.0, 0.0, 1.0],
                [1.0, 4e-06, 2e-06, -0.0, -5e-06, 0.911776, 0.410688, 0.374854, -0.0, -0.410688, 0.911776, 0.0, 0.0, 0.0, 0.0, 1.0],
                [1.0, 7e-06, 3e-06, 0.0, -8e-06, 0.781514, 0.623888, 0.374854, 2e-06, -0.623888, 0.781513, -0.0, 0.0, 0.0, 0.0, 1.0],
                [1.0, 0.0, 1e-06, 0.0, -0.0, 0.998619, 0.05253, 0.374854, -1e-06, -0.05253, 0.998619, -0.0, 0.0, 0.0, 0.0, 1.0],
                [1.0, 1e-05, 1.1e-05, -0.0, -1.2e-05, 0.045387, 0.998969, 0.374854, 1e-05, -0.99897, 0.045387, -0.0, 0.0, 0.0, 0.0, 1.0],
                [1.0, -1.4e-05, 1e-06, -0.0, 1.4e-05, 0.998619, 0.05253, 0.374854, -2e-06, -0.05253, 0.998619, 0.0, 0.0, 0.0, 0.0, 1.0],
                [1.0, 9e-06, 6e-06, 0.0, -1e-05, 0.537775, 0.843089, 0.374854, 4e-06, -0.843088, 0.537775, -0.0, 0.0, 0.0, 0.0, 1.0],
                [1.0, 1.1e-05, 1.2e-05, -0.0, -1.2e-05, 0.032262, 0.999479, 0.374853, 1e-05, -0.999479, 0.032262, 0.0, 0.0, 0.0, 0.0, 1.0],
                [1.0, 1e-05, 9e-06, -1e-06, -1.2e-05, 0.230966, 0.972962, 0.374854, 8e-06, -0.972962, 0.230966, -0.0, 0.0, 0.0, 0.0, 1.0],
                [1.0, 1e-05, 9e-06, -1e-06, -1.2e-05, 0.230966, 0.972962, 0.374854, 8e-06, -0.972962, 0.230966, 0.0, 0.0, 0.0, 0.0, 1.0]
            ]
        },
        {
            "name": "Knee_L",
            "time": [0.0, 0.05, 0.1, 0.15, 0.2, 0.25, 0.2833, 0.3167, 0.35, 0.5],
            "transform": [
                [1.0, 6e-06, 1e-06, -0.0, -2e-06, 0.448921, -0.893572, 0.374854, -6e-06, 0.893572, 0.44892, 0.0, 0.0, 0.0, 0.0, 1.0],
                [1.0, 3e-06, -0.0, 0.0, -1e-06, 0.210424, -0.977611, 0.374854, -3e-06, 0.97761, 0.210424, 0.0, 0.0, 0.0, 0.0, 1.0],
                [1.0, 4e-06, 0.0, -0.0, -1e-06, 0.330901, -0.943666, 0.374854, -4e-06, 0.943666, 0.330901, -0.0, 0.0, 0.0, 0.0, 1.0],
                [1.0, 0.0, -1e-06, 0.0, -1e-06, 0.026678, -0.999644, 0.374854, -0.0, 0.999644, 0.026678, -0.0, 0.0, 0.0, 0.0, 1.0],
                [1.0, 9e-06, 3e-06, -0.0, -4e-06, 0.691166, -0.722696, 0.374854, -8e-06, 0.722696, 0.691166, -0.0, 0.0, 0.0, 0.0, 1.0],
                [1.0, -7e-06, -1e-06, -0.0, -0.0, 0.026678, -0.999644, 0.374854, 7e-06, 0.999644, 0.026678, -0.0, 0.0, 0.0, 0.0, 1.0],
                [1.0, 6e-06, 1e-06, 0.0, -2e-06, 0.481096, -0.876668, 0.374854, -6e-06, 0.876668, 0.481096, -0.0, 0.0, 0.0, 0.0, 1.0],
                [1.0, 9e-06, 3e-06, -0.0, -4e-06, 0.695898, -0.718141, 0.374853, -8e-06, 0.718141, 0.695898, 0.0, 0.0, 0.0, 0.0, 1.0],
                [1.0, 8e-06, 2e-06, -0.0, -3e-06, 0.620412, -0.784276, 0.374854, -8e-06, 0.784276, 0.620411, -0.0, 0.0, 0.0, 0.0, 1.0],
                [1.0, 8e-06, 2e-06, -0.0, -3e-06, 0.620412, -0.784277, 0.374854, -7e-06, 0.784276, 0.620412, 0.0, 0.0, 0.0, 0.0, 1.0]
            ]
        },
        {
            "name": "Torso",
            "time": [0.0, 0.05, 0.1, 0.15, 0.2, 0.25, 0.2833, 0.3167, 0.35, 0.5],
            "transform": [
                [0.997219, -0.073421, 0.012812, 0.0, 0.07342, 0.938193, -0.338234, 0.05, 0.012813, 0.338234, 0.940975, 0.0, 0.0, 0.0, 0.0, 1.0],
                [0.992403, 0.122346, -0.012897, 0.0, -0.122347, 0.97051, -0.207706, 0.05, -0.012896, 0.207706, 0.978106, 0.0, 0.0, 0.0, 0.0, 1.0],
                [0.870927, 0.461855, -0.167858, -0.0, -0.461855, 0.652631, -0.600635, 0.05, -0.167857, 0.600636, 0.781704, 0.0, 0.0, 0.0, 0.0, 1.0],
                [0.652966, 0.757311, -0.01078, -0.0, -0.757311, 0.652631, -0.023523, 0.05, -0.010779, 0.023523, 0.999665, -0.0, 0.0, 0.0, 0.0, 1.0],
                [0.588765, 0.805531, 0.06691, -1e-06, -0.805531, 0.577878, 0.131065, 0.05, 0.066911, -0.131064, 0.989113, 0.0, 0.0, 0.0, 0.0, 1.0],
                [0.575913, 0.796292, 0.185048, -0.0, -0.796292, 0.495168, 0.347458, 0.05, 0.185049, -0.347458, 0.919255, 0.0, 0.0, 0.0, 0.0, 1.0],
                [0.972487, 0.212039, 0.096483, 0.0, -0.212039, 0.634138, 0.743578, 0.05, 0.096484, -0.743578, 0.661651, 1e-06, 0.0, 0.0, 0.0, 1.0],
                [0.936579, -0.336722, -0.097144, 0.0, 0.336723, 0.787782, 0.515769, 0.05, -0.097143, -0.515769, 0.851202, -0.0, 0.0, 0.0, 0.0, 1.0],
                [0.907039, -0.418205, -0.048833, -1e-06, 0.418205, 0.881387, 0.219686, 0.05, -0.048833, -0.219686, 0.974347, 0.0, 0.0, 0.0, 0.0, 1.0],
                [0.944163, -0.327231, -0.038418, -1e-06, 0.327232, 0.917731, 0.225144, 0.05, -0.038417, -0.225144, 0.973568, 0.0, 0.0, 0.0, 0.0, 1.0]
            ]
        },
        {
            "name": "Chest",
            "time": [0.0, 0.05, 0.1, 0.15, 0.2, 0.25, 0.2833, 0.3167, 0.35, 0.5],
            "transform": [
                [1.0, -1e-06, 1e-06, -0.0, 1e-06, 1.0, 1e-06, 0.35, -1e-06, -1e-06, 1.0, 0.0, 0.0, 0.0, 0.0, 1.0],
                [1.0, -1e-06, 1e-06, 0.0, 1e-06, 1.0, 1e-06, 0.35, -1e-06, -1e-06, 1.0, -0.0, 0.0, 0.0, 0.0, 1.0],
                [1.0, -1e-06, 1e-06, -0.0, 1e-06, 1.0, 1e-06, 0.35, -1e-06, -1e-06, 1.0, -0.0, 0.0, 0.0, 0.0, 1.0],
                [1.0, -1e-06, 1e-06, 0.0, 1e-06, 1.0, 1e-06, 0.35, -1e-06, -1e-06, 1.0, 0.0, 0.0, 0.0, 0.0, 1.0],
                [1.0, -1e-06, 1e-06, 0.0, 1e-06, 1.0, 1e-06, 0.35, -1e-06, -1e-06, 1.0, -0.0, 0.0, 0.0, 0.0, 1.0],
                [1.0, -1e-06, 1e-06, -0.0, 1e-06, 1.0, 1e-06, 0.35, -1e-06, -1e-06, 1.0, 0.0, 0.0, 0.0, 0.0, 1.0],
                [1.0, -1e-06, 1e-06, -0.0, 1e-06, 1.0, 1e-06, 0.35, -1e-06, -1e-06, 1.0, -0.0, 0.0, 0.0, 0.0, 1.0],
                [1.0, -1e-06, 1e-06, 0.0, 1e-06, 1.0, 1e-06, 0.35, -1e-06, -1e-06, 1.0, 0.0, 0.0, 0.0, 0.0, 1.0],
                [1.0, -1e-06, 1e-06, -0.0, 1e-06, 1.0, 1e-06, 0.35, -1e-06, -1e-06, 1.0, -0.0, 0.0, 0.0, 0.0, 1.0],
                [1.0, -1e-06, 1e-06, 1e-06, 1e-06, 1.0, 1e-06, 0.35, -1e-06, -1e-06, 1.0, 0.0, 0.0, 0.0, 0.0, 1.0]
            ]
        },
        {
            "name": "Head",
            "time": [0.0, 0.05, 0.1, 0.15, 0.2, 0.25, 0.2833, 0.3167, 0.35, 0.5],
            "transform": [
                [0.694542, 0.487181, -0.529402, -0.0, 0.049073, 0.702047, 0.710438, 0.326028, 0.717776, -0.519409, 0.463694, 0.0, 0.0, 0.0, 0.0, 1.0],
                [-0.334454, 0.183684, -0.924338, -0.0, -0.090017, 0.970111, 0.225351, 0.326028, 0.938103, 0.158575, -0.307922, -0.0, 0.0, 0.0, 0.0, 1.0],
                [-0.256532, -0.165802, -0.952208, 0.0, 0.295633, 0.924501, -0.240624, 0.326029, 0.920213, -0.343232, -0.188148, 0.0, 0.0, 0.0, 0.0, 1.0],
                [0.549105, -0.370565, -0.749109, -0.0, 0.295633, 0.924501, -0.240624, 0.326028, 0.781719, -0.089333, 0.617199, -0.0, 0.0, 0.0, 0.0, 1.0],
                [0.585549, -0.390743, -0.710248, -0.0, 0.194628, 0.918298, -0.344745, 0.326028, 0.786926, 0.063631, 0.613758, -0.0, 0.0, 0.0, 0.0, 1.0],
                [0.698386, -0.33352, -0.633262, 0.0, 0.063831, 0.910287, -0.409026, 0.326029, 0.712869, 0.245236, 0.657021, 0.0, 0.0, 0.0, 0.0, 1.0],
                [0.999998, 0.002163, 0.000477, 0.0, -0.001854, 0.935364, -0.353682, 0.326029, -0.001211, 0.353681, 0.935365, -0.0, 0.0, 0.0, 0.0, 1.0],
                [0.759151, 0.186214, 0.62371, 0.0, -0.045586, 0.971063, -0.234434, 0.326028, -0.649316, 0.149538, 0.745672, 0.0, 0.0, 0.0, 0.0, 1.0],
                [0.47275, 0.124887, 0.872302, -0.0, -0.039632, 0.991918, -0.120534, 0.326028, -0.880305, 0.022411, 0.473878, 0.0, 0.0, 0.0, 0.0, 1.0],
                [0.484581, 0.026812, 0.874335, -0.0, 0.008444, 0.99934, -0.035325, 0.326028, -0.874705, 0.024501, 0.484035, -0.0, 0.0, 0.0, 0.0, 1.0]
            ]
        },
        {
            "name": "Shoulder_R",
            "time": [0.0, 0.05, 0.1, 0.15, 0.2, 0.25, 0.2833, 0.3167, 0.35, 0.5],
            "transform": [
                [-0.093143, 0.88591, 0.454408, 5e-06, 0.024258, -0.454238, 0.89055, 0.326029, 0.995357, 0.093972, 0.020818, 0.000947, 0.0, 0.0, 0.0, 1.0],
                [0.000759, 0.979842, 0.199771, 5e-06, -0.008657, -0.199757, 0.979807, 0.326029, 0.999962, -0.002473, 0.008331, 0.000947, 0.0, 0.0, 0.0, 1.0],
                [0.000759, 0.979842, 0.199771, 5e-06, -0.008657, -0.199757, 0.979807, 0.326028, 0.999962, -0.002473, 0.008331, 0.000947, 0.0, 0.0, 0.0, 1.0],
                [0.209943, 0.74265, 0.635921, 5e-06, -0.252115, -0.5873, 0.769102, 0.326028, 0.944649, -0.321792, 0.063934, 0.000947, 0.0, 0.0, 0.0, 1.0],
                [0.238005, 0.836238, 0.494024, 5e-06, -0.136188, -0.474883, 0.869448, 0.326028, 0.961668, -0.274213, 0.000861, 0.000947, 0.0, 0.0, 0.0, 1.0],
                [0.000759, 0.979842, 0.199771, 5e-06, -0.008657, -0.199757, 0.979807, 0.326028, 0.999962, -0.002473, 0.008331, 0.000947, 0.0, 0.0, 0.0, 1.0],
                [0.000759, 0.979842, 0.199771, 5e-06, -0.008657, -0.199757, 0.979807, 0.326028, 0.999962, -0.002473, 0.008331, 0.000947, 0.0, 0.0, 0.0, 1.0],
                [0.000759, 0.979842, 0.199771, 5e-06, -0.008657, -0.199757, 0.979807, 0.326028, 0.999962, -0.002473, 0.008331, 0.000947, 0.0, 0.0, 0.0, 1.0],
                [0.000759, 0.979842, 0.199771, 4e-06, -0.008657, -0.199757, 0.979807, 0.326029, 0.999962, -0.002473, 0.008331, 0.000947, 0.0, 0.0, 0.0, 1.0],
                [0.000759, 0.979842, 0.199771, 4e-06, -0.008657, -0.199757, 0.979807, 0.326029, 0.999962, -0.002473, 0.008331, 0.000947, 0.0, 0.0, 0.0, 1.0]
            ]
        },
        {
            "name": "Arm_R",
            "time": [0.0, 0.05, 0.1, 0.15, 0.2, 0.25, 0.2833, 0.3167, 0.35, 0.5],
            "transform": [
                [-0.607851, -0.490419, -0.624504, 0.0, 0.046704, 0.763035, -0.644666, 0.38271, 0.792676, -0.421028, -0.440907, -0.0, 0.0, 0.0, 0.0, 1.0],
                [-0.645495, -0.724247, 0.242486, -0.0, -0.133081, -0.205977, -0.969465, 0.38271, 0.752079, -0.658056, 0.036574, 0.0, 0.0, 0.0, 0.0, 1.0],
                [-0.673088, -0.566941, 0.474898, 0.0, -0.478251, -0.156133, -0.864232, 0.38271, 0.564117, -0.808826, -0.166049, 0.0, 0.0, 0.0, 0.0, 1.0],
                [0.023725, -0.940116, 0.340027, -0.0, -0.866356, -0.189056, -0.46226, 0.38271, 0.498862, -0.283618, -0.818961, -0.0, 0.0, 0.0, 0.0, 1.0],
                [-0.041686, -0.960903, 0.273728, 0.0, -0.841291, -0.114031, -0.528417, 0.38271, 0.538971, -0.252312, -0.803647, 0.0, 0.0, 0.0, 0.0, 1.0],
                [0.211484, -0.821155, 0.530073, -0.0, -0.556765, -0.546958, -0.625179, 0.38271, 0.803297, -0.162911, -0.572863, -0.0, 0.0, 0.0, 0.0, 1.0],
                [0.589988, -0.536986, -0.602959, -0.0, -0.701262, 0.029332, -0.712299, 0.38271, 0.400181, 0.84308, -0.359263, -0.0, 0.0, 0.0, 0.0, 1.0],
                [0.753204, -0.609184, -0.248149, 0.0, 0.420234, 0.735864, -0.530948, 0.38271, 0.506049, 0.295632, 0.810256, -0.0, 0.0, 0.0, 0.0, 1.0],
                [0.307414, 0.712154, -0.631135, -0.0, 0.039077, 0.653245, 0.756137, 0.38271, 0.950773, -0.257111, 0.172988, -0.0, 0.0, 0.0, 0.0, 1.0],
                [0.273732, 0.763863, -0.58445, 0.0, -0.063345, 0.620658, 0.781518, 0.38271, 0.959717, -0.176905, 0.218281, 0.0, 0.0, 0.0, 0.0, 1.0]
            ]
        },
        {
            "name": "Hand_R",
            "time": [0.0, 0.05, 0.1, 0.15, 0.2, 0.25, 0.2833, 0.3167, 0.35, 0.5],
            "transform": [
                [1.0, 6e-06, -4e-06, -0.0, -5e-06, 0.315626, -0.948884, 0.329931, -4e-06, 0.948884, 0.315626, 0.0, 0.0, 0.0, 0.0, 1.0],
                [1.0, 0.0, 0.0, 0.0, -0.0, 0.997913, -0.06457, 0.329931, -0.0, 0.06457, 0.997913, -0.0, 0.0, 0.0, 0.0, 1.0],
                [1.0, -6e-06, 0.0, 0.0, 6e-06, 0.997913, -0.06457, 0.329931, 0.0, 0.06457, 0.997913, -0.0, 0.0, 0.0, 0.0, 1.0],
                [1.0, 5e-06, -2e-06, -0.0, -4e-06, 0.62528, -0.780401, 0.329931, -3e-06, 0.780401, 0.62528, 0.0, 0.0, 0.0, 0.0, 1.0],
                [1.0, -1e-05, 0.0, -0.0, 1e-05, 0.997913, -0.06457, 0.329931, 0.0, 0.06457, 0.997913, 0.0, 0.0, 0.0, 0.0, 1.0],
                [1.0, -8e-06, 0.0, 0.0, 9e-06, 0.997913, -0.06457, 0.329931, 0.0, 0.06457, 0.997913, -1e-06, 0.0, 0.0, 0.0, 1.0],
                [1.0, -9e-06, 0.0, 0.0, 9e-06, 0.997913, -0.06457, 0.329931, 0.0, 0.06457, 0.997914, -0.0, 0.0, 0.0, 0.0, 1.0],
                [1.0, -8e-06, 0.0, 0.0, 8e-06, 0.997913, -0.06457, 0.329931, 0.0, 0.06457, 0.997914, -0.0, 0.0, 0.0, 0.0, 1.0],
                [1.0, -6e-06, 0.0, -0.0, 6e-06, 0.997913, -0.06457, 0.32993, 0.0, 0.06457, 0.997914, -0.0, 0.0, 0.0, 0.0, 1.0],
                [1.0, -5e-06, 0.0, 0.0, 5e-06, 0.997913, -0.06457, 0.32993, 0.0, 0.06457, 0.997913, -1e-06, 0.0, 0.0, 0.0, 1.0]
            ]
        },
        {
            "name": "Tool_R",
            "time": [0.0, 0.05, 0.1, 0.15, 0.2, 0.25, 0.2833, 0.3167, 0.35, 0.5],
            "transform": [
                [0.976953, -0.190275, 0.096741, -0.02, -0.08987, -0.777739, -0.622131, 0.291597, 0.193615, 0.599098, -0.776915, -0.0, 0.0, 0.0, 0.0, 1.0],
                [0.997005, 0.062483, 0.045579, -0.02, 0.076707, -0.874151, -0.479561, 0.291597, 0.009879, 0.48162, -0.876326, -0.0, 0.0, 0.0, 0.0, 1.0],
                [0.886345, 0.437098, -0.152765, -0.02, 0.346404, -0.844899, -0.407615, 0.291597, -0.307238, 0.308369, -0.900287, 0.0, 0.0, 0.0, 0.0, 1.0],
                [0.601028, 0.796585, 0.064951, -0.019999, 0.781549, -0.568789, -0.256242, 0.291596, -0.167175, 0.204771, -0.964428, 0.0, 0.0, 0.0, 0.0, 1.0],
                [0.917864, 0.396738, 0.011157, -0.02, 0.373824, -0.873613, 0.311538, 0.291597, 0.133345, -0.281779, -0.950169, 0.0, 0.0, 0.0, 0.0, 1.0],
                [0.870459, -0.479113, 0.112919, -0.02, -0.480131, -0.876973, -0.019788, 0.291597, 0.108507, -0.036991, -0.993409, 0.0, 0.0, 0.0, 0.0, 1.0],
                [0.927517, 0.094254, -0.361704, -0.02, -0.106603, -0.860791, -0.49767, 0.291597, -0.358259, 0.500156, -0.78835, 0.0, 0.0, 0.0, 0.0, 1.0],
                [0.890106, -0.122288, 0.439041, -0.02, 0.137273, -0.846657, -0.514129, 0.291597, 0.434589, 0.517897, -0.736828, 1e-06, 0.0, 0.0, 0.0, 1.0],
                [0.996316, 0.013391, -0.084711, -0.02, -0.016288, -0.940216, -0.340189, 0.291597, -0.084202, 0.340316, -0.936534, 0.0, 0.0, 0.0, 0.0, 1.0],
                [0.995014, 0.012026, -0.099006, -0.02, -0.015414, -0.962232, -0.271797, 0.291597, -0.098535, 0.271967, -0.957249, 0.0, 0.0, 0.0, 0.0, 1.0]
            ]
        },
        {
            "name": "Elbow_R",
            "time": [0.0, 0.05, 0.1, 0.15, 0.2, 0.25, 0.2833, 0.3167, 0.35, 0.5],
            "transform": [
                [-1.0, -0.0, -0.0, -0.0, 0.0, 0.58335, -0.812222, 0.329931, 0.0, -0.812222, -0.58335, 0.0, 0.0, 0.0, 0.0, 1.0],
                [-1.000001, -0.0, -0.0, 0.0, 0.0, 0.030309, -0.999541, 0.329931, 0.0, -0.999541, -0.030309, 0.0, 0.0, 0.0, 0.0, 1.0],
                [-1.0, -0.0, -0.0, 0.0, 0.0, 0.03031, -0.999541, 0.329931, -0.0, -0.999542, -0.030309, -0.0, 0.0, 0.0, 0.0, 1.0],
                [-1.000001, -0.0, -0.0, -0.0, 0.0, 0.431054, -0.902326, 0.329931, 0.0, -0.902327, -0.431054, 0.0, 0.0, 0.0, 0.0, 1.0],
                [-1.0, -0.0, -0.0, 0.0, 0.0, 0.030309, -0.999542, 0.329931, 0.0, -0.999541, -0.030309, 0.0, 0.0, 0.0, 0.0, 1.0],
                [-1.000001, 0.0, -1e-06, 0.0, 0.0, 0.030309, -0.999541, 0.329931, -0.0, -0.999542, -0.03031, 0.0, 0.0, 0.0, 0.0, 1.0],
                [-1.0, -0.0, -0.0, 0.0, 0.0, 0.030309, -0.999541, 0.329931, 0.0, -0.999541, -0.030309, -0.0, 0.0, 0.0, 0.0, 1.0],
                [-1.000001, -0.0, -0.0, 0.0, 0.0, 0.03031, -0.999541, 0.329931, 0.0, -0.999541, -0.03031, 0.0, 0.0, 0.0, 0.0, 1.0],
                [-1.0, -0.0, -0.0, -0.0, 0.0, 0.030309, -0.999542, 0.32993, 0.0, -0.999541, -0.030309, -0.0, 0.0, 0.0, 0.0, 1.0],
                [-1.0, -0.0, -0.0, -0.0, 0.0, 0.03031, -0.999541, 0.329931, 0.0, -0.999541, -0.030309, 0.0, 0.0, 0.0, 0.0, 1.0]
            ]
        },
        {
            "name": "Shoulder_L",
            "time": [0.0, 0.05, 0.1, 0.15, 0.2, 0.25, 0.2833, 0.3167, 0.35, 0.5],
            "transform": [
                [-0.001665, -0.979846, -0.199746, -0.0, 0.008164, -0.199753, 0.979812, 0.326029, -0.999965, 0.0, 0.008332, -0.0, 0.0, 0.0, 0.0, 1.0],
                [-0.001665, -0.979846, -0.199747, -0.0, 0.008164, -0.199754, 0.979812, 0.326028, -0.999965, 0.0, 0.008332, -0.0, 0.0, 0.0, 0.0, 1.0],
                [-0.001665, -0.979846, -0.199747, 0.0, 0.008164, -0.199754, 0.979812, 0.326029, -0.999965, 0.0, 0.008332, 0.0, 0.0, 0.0, 0.0, 1.0],
                [-0.222113, -0.954724, -0.19791, -0.0, -0.036777, -0.194632, 0.980187, 0.326028, -0.974327, 0.22499, 0.008119, 0.0, 0.0, 0.0, 0.0, 1.0],
                [-0.114042, -0.97338, -0.19881, -0.0, -0.014745, -0.198435, 0.980003, 0.326029, -0.993367, 0.114693, 0.008277, -0.0, 0.0, 0.0, 0.0, 1.0],
                [-0.001665, -0.979846, -0.199747, 0.0, 0.008164, -0.199754, 0.979812, 0.326029, -0.999965, 0.0, 0.008332, 0.0, 0.0, 0.0, 0.0, 1.0],
                [-0.001665, -0.979846, -0.199747, 0.0, 0.008164, -0.199754, 0.979812, 0.326028, -0.999965, 0.0, 0.008332, -0.0, 0.0, 0.0, 0.0, 1.0],
                [-0.001665, -0.979846, -0.199747, 0.0, 0.008164, -0.199753, 0.979812, 0.326027, -0.999966, 0.0, 0.008332, 0.0, 0.0, 0.0, 0.0, 1.0],
                [-0.001665, -0.979846, -0.199746, 0.0, 0.008164, -0.199753, 0.979812, 0.326029, -0.999965, 0.0, 0.008332, 0.0, 0.0, 0.0, 0.0, 1.0],
                [-0.001665, -0.979846, -0.199746, -1e-06, 0.008164, -0.199753, 0.979812, 0.326028, -0.999965, 0.0, 0.008332, -0.0, 0.0, 0.0, 0.0, 1.0]
            ]
        },
        {
            "name": "Arm_L",
            "time": [0.0, 0.05, 0.1, 0.15, 0.2, 0.25, 0.2833, 0.3167, 0.35, 0.5],
            "transform": [
                [-0.357381, 0.7654, -0.535201, 0.0, 0.555687, -0.286321, -0.780533, 0.382712, -0.750661, -0.576352, -0.322997, -0.0, 0.0, 0.0, 0.0, 1.0],
                [-0.642987, 0.758218, 0.108036, 0.0, 0.001069, 0.14195, -0.989873, 0.382712, -0.765876, -0.636361, -0.092082, -0.0, 0.0, 0.0, 0.0, 1.0],
                [-0.88226, 0.421973, 0.208703, -0.0, -0.134563, 0.19878, -0.970761, 0.382712, -0.451122, -0.884547, -0.118593, -0.0, 0.0, 0.0, 0.0, 1.0],
                [-0.68498, -0.146913, 0.713595, -0.0, -0.671723, 0.506617, -0.540486, 0.382713, -0.282116, -0.849561, -0.445708, -0.0, 0.0, 0.0, 0.0, 1.0],
                [-0.59275, -0.128391, 0.795087, 0.0, -0.735802, 0.487741, -0.469791, 0.382713, -0.327481, -0.863495, -0.383578, 0.0, 0.0, 0.0, 0.0, 1.0],
                [-0.381703, -0.400185, 0.833159, 0.0, -0.784292, 0.617197, -0.062861, 0.382712, -0.489067, -0.677435, -0.549449, -0.0, 0.0, 0.0, 0.0, 1.0],
                [-0.511524, -0.027898, 0.858816, 0.0, -0.650807, 0.665189, -0.366023, 0.382713, -0.561064, -0.746153, -0.358416, -1e-06, 0.0, 0.0, 0.0, 1.0],
                [-0.017177, -0.290479, 0.956727, -0.0, -0.586977, 0.777553, 0.225539, 0.382712, -0.809421, -0.557703, -0.18386, -1e-06, 0.0, 0.0, 0.0, 1.0],
                [0.113824, -0.627803, 0.770004, -0.0, -0.557185, 0.601343, 0.572653, 0.382712, -0.822551, -0.494216, -0.281355, 0.0, 0.0, 0.0, 0.0, 1.0],
                [0.084138, -0.510907, 0.855508, 0.0, -0.605579, 0.655594, 0.451076, 0.382713, -0.791325, -0.55603, -0.254234, -1e-06, 0.0, 0.0, 0.0, 1.0]
            ]
        },
        {
            "name": "Hand_L",
            "time": [0.0, 0.05, 0.1, 0.15, 0.2, 0.25, 0.2833, 0.3167, 0.35, 0.5],
            "transform": [
                [1.0, 0.0, 0.0, -0.0, -0.0, 0.997913, -0.064569, 0.329931, -0.0, 0.064569, 0.997913, -0.0, 0.0, 0.0, 0.0, 1.0],
                [1.0, 0.0, 0.0, 0.0, -0.0, 0.997913, -0.064569, 0.329931, -0.0, 0.064569, 0.997913, 0.0, 0.0, 0.0, 0.0, 1.0],
                [1.0, 0.0, 0.0, 0.0, -0.0, 0.997914, -0.064569, 0.329931, -0.0, 0.064569, 0.997913, 0.0, 0.0, 0.0, 0.0, 1.0],
                [1.0, 6e-06, -4e-06, 0.0, -6e-06, 0.230953, -0.972965, 0.329931, -5e-06, 0.972965, 0.230953, 0.0, 0.0, 0.0, 0.0, 1.0],
                [1.0, 6e-06, -4e-06, 0.0, -6e-06, 0.285544, -0.958366, 0.329931, -4e-06, 0.958366, 0.285544, 0.0, 0.0, 0.0, 0.0, 1.0],
                [1.0, 6e-06, -5e-06, -0.0, -6e-06, 0.102765, -0.994706, 0.329931, -6e-06, 0.994705, 0.102765, 0.0, 0.0, 0.0, 0.0, 1.0],
                [1.0, 6e-06, -8e-06, 0.0, -5e-06, -0.377936, -0.925833, 0.329931, -8e-06, 0.925832, -0.377935, -0.0, 0.0, 0.0, 0.0, 1.0],
                [1.0, 6e-06, -8e-06, -0.0, -5e-06, -0.371846, -0.928295, 0.32993, -8e-06, 0.928294, -0.371846, -0.0, 0.0, 0.0, 0.0, 1.0],
                [1.0, 6e-06, -6e-06, -0.0, -6e-06, -0.083899, -0.996474, 0.329931, -7e-06, 0.996475, -0.083898, 0.0, 0.0, 0.0, 0.0, 1.0],
                [1.0, 6e-06, -4e-06, -0.0, -6e-06, 0.233758, -0.972295, 0.329931, -5e-06, 0.972295, 0.233758, 0.0, 0.0, 0.0, 0.0, 1.0]
            ]
        },
        {
            "name": "Tool_L",
            "time": [0.0, 0.05, 0.1, 0.15, 0.2, 0.25, 0.2833, 0.3167, 0.35, 0.5],
            "transform": [
                [-0.998281, -0.035609, 0.046564, 0.02, -0.048744, 0.945495, -0.321968, 0.291597, -0.032562, -0.323684, -0.945605, -0.0, 0.0, 0.0, 0.0, 1.0],
                [-0.991264, 0.044122, -0.124298, 0.02, 0.038944, 0.998282, 0.043788, 0.291597, 0.126016, 0.038564, -0.991278, -0.0, 0.0, 0.0, 0.0, 1.0],
                [-0.998937, 0.019882, -0.041601, 0.02, 0.01828, 0.999091, 0.038525, 0.291597, 0.042329, 0.037723, -0.998392, -0.0, 0.0, 0.0, 0.0, 1.0],
                [-0.880217, -0.42049, 0.220019, 0.02, -0.474269, 0.7628, -0.439552, 0.291597, 0.016997, -0.491249, -0.870854, -0.0, 0.0, 0.0, 0.0, 1.0],
                [-0.778319, -0.627799, -0.009416, 0.02, -0.543819, 0.681548, -0.489647, 0.291597, 0.313817, -0.375981, -0.871871, 0.0, 0.0, 0.0, 0.0, 1.0],
                [-0.102463, -0.979255, -0.174821, 0.02, -0.976165, 0.132787, -0.171669, 0.291597, 0.191321, 0.153064, -0.96952, 0.0, 0.0, 0.0, 0.0, 1.0],
                [0.852959, -0.281853, 0.439341, 0.02, 0.296754, -0.430585, -0.85237, 0.291597, 0.429417, 0.857412, -0.28363, 0.0, 0.0, 0.0, 0.0, 1.0],
                [0.901484, -0.233157, 0.364643, 0.02, 0.245525, -0.418332, -0.874481, 0.291597, 0.356433, 0.877859, -0.319873, -0.0, 0.0, 0.0, 0.0, 1.0],
                [0.807767, -0.234986, 0.540643, 0.019999, 0.253389, -0.689669, -0.678344, 0.291597, 0.532266, 0.684936, -0.49755, -0.0, 0.0, 0.0, 0.0, 1.0],
                [0.804708, -0.197176, 0.55997, 0.019999, 0.216264, -0.781062, -0.585811, 0.291597, 0.552878, 0.592508, -0.585885, -0.0, 0.0, 0.0, 0.0, 1.0]
            ]
        },
        {
            "name": "Elbow_L",
            "time": [0.0, 0.05, 0.1, 0.15, 0.2, 0.25, 0.2833, 0.3167, 0.35, 0.5],
            "transform": [
                [-1.0, -0.0, -0.0, -0.0, 0.0, 0.030309, -0.999541, 0.329931, 0.0, -0.99954, -0.030308, -0.0, 0.0, 0.0, 0.0, 1.0],
                [-1.0, -0.0, -0.0, 0.0, 0.0, 0.030309, -0.999541, 0.329931, 0.0, -0.99954, -0.030309, 0.0, 0.0, 0.0, 0.0, 1.0],
                [-1.0, -0.0, -1e-06, 0.0, 0.0, 0.030309, -0.999541, 0.329931, 0.0, -0.99954, -0.030309, 0.0, 0.0, 0.0, 0.0, 1.0],
                [-1.0, -0.0, -1e-06, 0.0, 1e-06, 0.618534, -0.785758, 0.329931, 0.0, -0.785758, -0.618534, -0.0, 0.0, 0.0, 0.0, 1.0],
                [-1.0, 0.0, -0.0, 0.0, 0.0, 0.596086, -0.802921, 0.329931, 0.0, -0.80292, -0.596086, -0.0, 0.0, 0.0, 0.0, 1.0],
                [-1.0, 0.0, -0.0, 0.0, 0.0, 0.668308, -0.743885, 0.329931, 0.0, -0.743885, -0.668307, 0.0, 0.0, 0.0, 0.0, 1.0],
                [-1.0, 0.0, -0.0, 0.0, 0.0, 0.828928, -0.559357, 0.329931, 0.0, -0.559356, -0.828927, 0.0, 0.0, 0.0, 0.0, 1.0],
                [-1.0, 0.0, -0.0, -0.0, 0.0, 0.827085, -0.562076, 0.32993, 0.0, -0.562075, -0.827086, 0.0, 0.0, 0.0, 0.0, 1.0],
                [-1.0, 0.0, -0.0, -0.0, 0.0, 0.734821, -0.678261, 0.329931, 0.0, -0.678261, -0.734821, -0.0, 0.0, 0.0, 0.0, 1.0],
                [-1.0, -0.0, -0.0, -0.0, 0.0, 0.617401, -0.786649, 0.329931, 0.0, -0.786649, -0.617401, -0.0, 0.0, 0.0, 0.0, 1.0]
            ]
        }
    ]
}