{
    "animation": [
        {
            "name": "Root",
            "time": [0.0, 0.0167, 0.0333, 0.05, 0.0667, 0.1, 0.1333, 0.1667, 0.3, 0.5],
            "transform": [
                [-0.989874, -0.130097, 0.056773, -5e-06, -0.014069, 0.487919, 0.872775, 0.000946, -0.141246, 0.86314, -0.484809, 0.773972, 0.0, 0.0, 0.0, 1.0],
                [-0.957345, -0.158565, 0.241552, -5e-06, 0.11262, 0.565097, 0.817302, 0.099446, -0.266095, 0.809644, -0.523135, 0.773972, 0.0, 0.0, 0.0, 1.0],
                [-0.78407, -0.168697, 0.597307, -5e-06, 0.327566, 0.704948, 0.629085, 0.368946, -0.527195, 0.688904, -0.497469, 0.773972, 0.0, 0.0, 0.0, 1.0],
                [-0.461614, -0.106412, 0.880676, -5e-06, 0.452904, 0.825365, 0.337123, 0.770446, -0.762752, 0.554481, -0.332805, 0.773972, 0.0, 0.0, 0.0, 1.0],
                [-0.124473, -0.021387, 0.991992, -5e-06, 0.462235, 0.883404, 0.077046, 1.264946, -0.877978, 0.468123, -0.100075, 0.773972, 0.0, 0.0, 0.0, 1.0],
                [0.504647, -0.016174, 0.863174, -5e-06, 0.411166, 0.883654, -0.223826, 2.382816, -0.759127, 0.467861, 0.452583, 0.773972, 0.0, 0.0, 0.0, 1.0],
                [0.958844, -0.027571, 0.28259, -5e-06, 0.222874, 0.689712, -0.688931, 3.410241, -0.175911, 0.723559, 0.667471, 0.923972, 0.0, 0.0, 0.0, 1.0],
                [0.99037, -0.046082, -0.130555, -5e-06, -0.061868, 0.696287, -0.715092, 4.025248, 0.123857, 0.716282, 0.686731, 1.073972, 0.0, 0.0, 0.0, 1.0],
                [0.64023, 0.243122, -0.728696, -5e-06, -0.759808, 0.06072, -0.647306, 4.418049, -0.113128, 0.968094, 0.2236, 0.773972, 0.0, 0.0, 0.0, 1.0],
                [0.429814, 0.243122, -0.86957, -0.02492, -0.901453, 0.06072, -0.428597, 4.611826, -0.051401, 0.968094, 0.245261, 0.474759, 0.0, 0.0, 0.0, 1.0]
            ]
        },
        {
            "name": "Thigh_R",
            "time": [0.0, 0.0167, 0.0333, 0.05, 0.0667, 0.1, 0.1333, 0.1667, 0.3, 0.5],
            "transform": [
                [0.897617, 0.429694, 0.098218, 0.124994, 0.009481, -0.241599, 0.97033, -0.002831, 0.440674, -0.870054, -0.220938, -1.2e-05, 0.0, 0.0, 0.0, 1.0],
                [0.896438, 0.429062, -0.110926, 0.124994, 0.390067, -0.645103, 0.657031, -0.002831, 0.210348, -0.632256, -0.745658, -1.2e-05, 0.0, 0.0, 0.0, 1.0],
                [-0.127507, 0.892258, 0.43315, 0.124994, 0.7107, -0.222432, 0.667404, -0.002831, 0.691843, 0.392939, -0.605766, -1.2e-05, 0.0, 0.0, 0.0, 1.0],
                [-0.213556, 0.970765, -0.109579, 0.124994, 0.102274, 0.133767, 0.985722, -0.00283, 0.971562, 0.1993, -0.127851, -1.2e-05, 0.0, 0.0, 0.0, 1.0],
                [0.217322, 0.921506, -0.321864, 0.124994, 0.003241, 0.329062, 0.944303, -0.00283, 0.976095, -0.206261, 0.068526, -1.2e-05, 0.0, 0.0, 0.0, 1.0],
                [0.72974, 0.659061, 0.181983, 0.124994, -0.256981, 0.017735, 0.966254, -0.002831, 0.633593, -0.751879, 0.182308, -1.2e-05, 0.0, 0.0, 0.0, 1.0],
                [0.945821, 0.01475, 0.324352, 0.124994, -0.228565, -0.679264, 0.697394, -0.002831, 0.230607, -0.733746, -0.639092, -1.2e-05, 0.0, 0.0, 0.0, 1.0],
                [0.997612, 0.024141, 0.064704, 0.124994, -0.036062, -0.616933, 0.786189, -0.00283, 0.058898, -0.786645, -0.61459, -1.2e-05, 0.0, 0.0, 0.0, 1.0],
                [0.530845, 0.43183, -0.729196, 0.124994, 0.754432, -0.632759, 0.174495, -0.002831, -0.386053, -0.642758, -0.661684, -1.2e-05, 0.0, 0.0, 0.0, 1.0],
                [0.83907, -0.047494, -0.541946, 0.124994, 0.483985, -0.389746, 0.783489, -0.00283, -0.248432, -0.919696, -0.304038, -1.2e-05, 0.0, 0.0, 0.0, 1.0]
            ]
        },
        {
            "name": "Leg_R",
            "time": [0.0, 0.0167, 0.0333, 0.05, 0.0667, 0.1, 0.1333, 0.1667, 0.3, 0.5],
            "transform": [
                [0.999468, -0.015361, -0.028772, -0.0, 0.015372, -0.556198, 0.830908, 0.374854, -0.028766, -0.830908, -0.555665, 0.0, 0.0, 0.0, 0.0, 1.0],
                [0.999467, -0.01771, -0.027415, 0.0, 0.017723, -0.410831, 0.911539, 0.374854, -0.027407, -0.911539, -0.410298, 0.0, 0.0, 0.0, 0.0, 1.0],
                [0.999923, -0.011938, -0.003471, 0.0, 0.011947, 0.845449, 0.533923, 0.374854, -0.003439, -0.533924, 0.845525, 0.0, 0.0, 0.0, 0.0, 1.0],
                [1.0, -0.000246, -6.1e-05, -0.0, 0.000249, 0.99862, 0.05253, 0.374854, 4.8e-05, -0.05253, 0.998619, -0.0, 0.0, 0.0, 0.0, 1.0],
                [1.0, -0.0003, -7.6e-05, 0.0, 0.000304, 0.99862, 0.05253, 0.374854, 6e-05, -0.05253, 0.998619, -0.0, 0.0, 0.0, 0.0, 1.0],
                [1.0, -0.000487, -0.000104, -0.0, 0.000491, 0.99862, 0.05253, 0.374854, 7.9e-05, -0.05253, 0.998619, 0.0, 0.0, 0.0, 0.0, 1.0],
                [0.998968, -0.039737, -0.02201, -0.0, 0.039781, 0.531379, 0.8462, 0.374853, -0.02193, -0.846202, 0.532411, -0.0, 0.0, 0.0, 0.0, 1.0],
                [0.997714, -0.051642, -0.043596, 0.0, 0.051704, 0.167846, 0.984457, 0.374853, -0.043522, -0.984459, 0.170132, -1e-06, 0.0, 0.0, 0.0, 1.0],
                [0.988748, -0.069668, -0.132381, -0.0, 0.06983, -0.567663, 0.820296, 0.374854, -0.132296, -0.820308, -0.556409, 0.0, 0.0, 0.0, 0.0, 1.0],
                [0.991554, -0.083291, -0.099425, 0.0, 0.083484, -0.17681, 0.980699, 0.374853, -0.099263, -0.980715, -0.168363, 0.0, 0.0, 0.0, 0.0, 1.0]
            ]
        },
        {
            "name": "Knee_R",
            "time": [0.0, 0.0167, 0.0333, 0.05, 0.0667, 0.1, 0.1333, 0.1667, 0.3, 0.5],
            "transform": [
                [0.999822, -0.016049, -0.009918, 0.0, 0.009489, 0.882143, -0.470885, 0.374854, 0.016306, 0.470707, 0.882139, -0.0, 0.0, 0.0, 0.0, 1.0],
                [0.99983, -0.016083, -0.009038, 0.0, 0.008607, 0.839956, -0.542587, 0.374854, 0.016318, 0.542417, 0.839951, -0.0, 0.0, 0.0, 0.0, 1.0],
                [0.99998, -0.00619, -0.000972, 0.0, 0.000789, 0.278305, -0.960493, 0.374854, 0.006216, 0.960473, 0.278304, 0.0, 0.0, 0.0, 0.0, 1.0],
                [1.0, -0.000122, -3.4e-05, -0.0, -3.1e-05, 0.026679, -0.999644, 0.374854, 0.000123, 0.999644, 0.026679, -0.0, 0.0, 0.0, 0.0, 1.0],
                [1.0, -0.000149, -4.1e-05, 0.0, -3.7e-05, 0.026679, -0.999644, 0.374854, 0.00015, 0.999644, 0.026679, -0.0, 0.0, 0.0, 0.0, 1.0],
                [1.0, -0.000242, -5.6e-05, -0.0, -4.9e-05, 0.026679, -0.999644, 0.374854, 0.000244, 0.999645, 0.026679, 0.0, 0.0, 0.0, 0.0, 1.0],
                [0.999727, -0.022556, -0.006161, -0.0, 0.005524, 0.483884, -0.875115, 0.374854, 0.022721, 0.874841, 0.483877, 0.0, 0.0, 0.0, 0.0, 1.0],
                [0.999358, -0.033475, -0.012755, 0.0, 0.01183, 0.64448, -0.76453, 0.374854, 0.033814, 0.763887, 0.644463, -1e-06, 0.0, 0.0, 0.0, 1.0],
                [0.996219, -0.073798, -0.04584, -0.0, 0.043819, 0.88245, -0.468363, 0.374854, 0.075016, 0.464582, 0.882346, 0.0, 0.0, 0.0, 0.0, 1.0],
                [0.997458, -0.064164, -0.030989, 0.0, 0.029187, 0.764647, -0.643789, 0.374853, 0.065004, 0.641247, 0.764576, 0.0, 0.0, 0.0, 0.0, 1.0]
            ]
        },
        {
            "name": "Thigh_L",
            "time": [0.0, 0.0167, 0.0333, 0.05, 0.0667, 0.1, 0.1333, 0.1667, 0.3, 0.5],
            "transform": [
                [0.979914, -0.059583, 0.190312, -0.125006, -0.055625, -0.998111, -0.026079, -0.002831, 0.191507, 0.014969, -0.981377, -1.2e-05, 0.0, 0.0, 0.0, 1.0],
                [0.990084, -0.011603, 0.139996, -0.125006, -0.011652, -0.999932, -0.000468, -0.002831, 0.139992, -0.001168, -0.990152, -1.2e-05, 0.0, 0.0, 0.0, 1.0],
                [0.97801, 0.025174, 0.207033, -0.125006, 0.020195, -0.999455, 0.026127, -0.002831, 0.207578, -0.021371, -0.977985, -1.2e-05, 0.0, 0.0, 0.0, 1.0],
                [0.951155, 0.043958, 0.305569, -0.125006, 0.051408, -0.998543, -0.016372, -0.00283, 0.304404, 0.031281, -0.952029, -1.2e-05, 0.0, 0.0, 0.0, 1.0],
                [0.989667, 0.08572, 0.114939, -0.125006, 0.091273, -0.994856, -0.043946, -0.00283, 0.110581, 0.053982, -0.9924, -1.2e-05, 0.0, 0.0, 0.0, 1.0],
                [0.788625, -0.35985, 0.498577, -0.125006, -0.554706, -0.766203, 0.324397, -0.002831, 0.265277, -0.532391, -0.803858, -1.2e-05, 0.0, 0.0, 0.0, 1.0],
                [0.968166, -0.223069, 0.113558, -0.125006, -0.21149, -0.97166, -0.105587, -0.002831, 0.133893, 0.078209, -0.987905, -1.2e-05, 0.0, 0.0, 0.0, 1.0],
                [0.982214, -0.099538, -0.159207, -0.125006, -0.114907, -0.989253, -0.09042, 0.017163, -0.148496, 0.107106, -0.983096, 0.000521, 0.0, 0.0, 0.0, 1.0],
                [0.586104, -0.224572, -0.778492, -0.125006, 0.156666, -0.911278, 0.380826, -0.002831, -0.794945, -0.345167, -0.498921, -1.2e-05, 0.0, 0.0, 0.0, 1.0],
                [0.553773, -0.520881, -0.649629, -0.125006, 0.111725, -0.726643, 0.67787, -0.00283, -0.825138, -0.447966, -0.3442, -1.2e-05, 0.0, 0.0, 0.0, 1.0]
            ]
        },
        {
            "name": "Leg_L",
            "time": [0.0, 0.0167, 0.0333, 0.05, 0.0667, 0.1, 0.1333, 0.1667, 0.3, 0.5],
            "transform": [
                [1.0, 0.000152, 8.1e-05, -0.0, -0.000156, 0.99862, 0.05253, 0.374854, -7.3e-05, -0.05253, 0.998619, 0.0, 0.0, 0.0, 0.0, 1.0],
                [1.0, 0.000156, 8.6e-05, 0.0, -0.00016, 0.99862, 0.05253, 0.374854, -7.7e-05, -0.05253, 0.998619, -0.0, 0.0, 0.0, 0.0, 1.0],
                [1.0, 0.000181, 0.000101, 0.0, -0.000186, 0.998619, 0.05253, 0.374854, -9.2e-05, -0.05253, 0.998619, 0.0, 0.0, 0.0, 0.0, 1.0],
                [1.0, 0.000224, 0.000125, 0.0, -0.000231, 0.998619, 0.05253, 0.374854, -0.000113, -0.05253, 0.998619, -0.0, 0.0, 0.0, 0.0, 1.0],
                [1.0, 0.000286, 0.000147, 0.0, -0.000294, 0.998619, 0.05253, 0.374854, -0.000132, -0.05253, 0.998619, -0.0, 0.0, 0.0, 0.0, 1.0],
                [0.99919, 0.033188, 0.022729, 0.0, -0.033338, 0.367082, 0.929591, 0.374854, 0.022508, -0.929596, 0.367891, 0.0, 0.0, 0.0, 0.0, 1.0],
                [1.0, 0.00052, 0.000258, 0.0, -0.000533, 0.998619, 0.05253, 0.374854, -0.00023, -0.05253, 0.998619, -0.0, 0.0, 0.0, 0.0, 1.0],
                [0.998348, 0.043799, 0.03719, 0.0, -0.044033, 0.167408, 0.984904, 0.374855, 0.036912, -0.984914, 0.16906, 0.0, 0.0, 0.0, 0.0, 1.0],
                [0.998798, 0.045516, 0.018184, -0.0, -0.045996, 0.742215, 0.668581, 0.374854, 0.016935, -0.668614, 0.743416, -1e-06, 0.0, 0.0, 0.0, 1.0],
                [0.994575, 0.067002, 0.07957, 0.0, -0.067708, -0.163739, 0.984177, 0.374853, 0.07897, -0.984226, -0.158314, 0.0, 0.0, 0.0, 0.0, 1.0]
            ]
        },
        {
            "name": "Knee_L",
            "time": [0.0, 0.0167, 0.0333, 0.05, 0.0667, 0.1, 0.1333, 0.1667, 0.3, 0.5],
            "transform": [
                [1.0, 7.6e-05, 3.9e-05, -0.0, 3.7e-05, 0.026678, -0.999645, 0.374854, -7.7e-05, 0.999645, 0.026678, 0.0, 0.0, 0.0, 0.0, 1.0],
                [1.0, 7.8e-05, 4.2e-05, 0.0, 4e-05, 0.026679, -0.999644, 0.374854, -7.9e-05, 0.999644, 0.026678, -0.0, 0.0, 0.0, 0.0, 1.0],
                [1.0, 9.1e-05, 4.9e-05, -0.0, 4.7e-05, 0.026679, -0.999644, 0.374854, -9.2e-05, 0.999644, 0.026678, -0.0, 0.0, 0.0, 0.0, 1.0],
                [1.0, 0.000112, 6.1e-05, -0.0, 5.8e-05, 0.026678, -0.999644, 0.374854, -0.000114, 0.999644, 0.026678, -0.0, 0.0, 0.0, 0.0, 1.0],
                [1.0, 0.000143, 7.3e-05, -0.0, 6.9e-05, 0.026678, -0.999644, 0.374854, -0.000145, 0.999644, 0.026678, -0.0, 0.0, 0.0, 0.0, 1.0],
                [0.99978, 0.019934, 0.006494, -0.0, -0.005845, 0.562528, -0.826758, 0.374854, -0.020134, 0.826538, 0.56252, 0.0, 0.0, 0.0, 0.0, 1.0],
                [1.0, 0.00026, 0.000128, 0.0, 0.000121, 0.026678, -0.999644, 0.374854, -0.000263, 0.999644, 0.026678, -0.0, 0.0, 0.0, 0.0, 1.0],
                [0.999536, 0.028433, 0.010917, 0.0, -0.009998, 0.644892, -0.764208, 0.374854, -0.028769, 0.763744, 0.644878, -0.0, 0.0, 0.0, 0.0, 1.0],
                [0.999691, 0.024328, 0.005184, -0.0, -0.003885, 0.358568, -0.933496, 0.374853, -0.024568, 0.933187, 0.358551, -0.0, 0.0, 0.0, 0.0, 1.0],
                [0.998372, 0.051344, 0.024834, -0.0, -0.023036, 0.761335, -0.647949, 0.374854, -0.052176, 0.646323, 0.761279, 0.0, 0.0, 0.0, 0.0, 1.0]
            ]
        },
        {
            "name": "Torso",
            "time": [0.0, 0.0167, 0.0333, 0.05, 0.0667, 0.1, 0.1333, 0.1667, 0.3, 0.5],
            "transform": [
                [0.999296, -0.0375, 0.000956, -0.0, 0.037499, 0.997947, -0.05191, 0.05, 0.000992, 0.051909, 0.998651, -0.0, 0.0, 0.0, 0.0, 1.0],
                [0.996751, -0.080531, 0.001066, 0.0, 0.08053, 0.996354, -0.028159, 0.05, 0.001206, 0.028153, 0.999603, -0.0, 0.0, 0.0, 0.0, 1.0],
                [0.990086, -0.140445, 0.00203, -0.0, 0.140439, 0.989592, -0.031372, 0.05, 0.002397, 0.031346, 0.999506, -0.0, 0.0, 0.0, 0.0, 1.0],
                [0.987757, -0.155927, 0.004684, 0.0, 0.155911, 0.985764, -0.062927, 0.05, 0.005195, 0.062887, 0.998007, 0.0, 0.0, 0.0, 0.0, 1.0],
                [0.994898, -0.100432, 0.009523, -0.0, 0.10041, 0.976712, -0.189608, 0.05, 0.009742, 0.189597, 0.981813, 0.0, 0.0, 0.0, 0.0, 1.0],
                [0.873088, 0.478996, -0.090993, -0.0, -0.478996, 0.807849, -0.343427, 0.05, -0.090992, 0.343427, 0.934761, 0.0, 0.0, 0.0, 0.0, 1.0],
                [0.970842, 0.235285, 0.045885, -0.0, -0.235424, 0.899759, 0.367437, 0.049999, 0.045167, -0.367526, 0.928916, 0.0, 0.0, 0.0, 0.0, 1.0],
                [0.999157, -0.039934, -0.009494, -0.0, 0.040133, 0.901887, 0.430104, 0.050001, -0.008613, -0.430123, 0.902729, -0.0, 0.0, 0.0, 0.0, 1.0],
                [0.749896, -0.656828, -0.078956, 0.0, 0.658233, 0.728846, 0.188451, 0.05, -0.066233, -0.19329, 0.978904, -0.0, 0.0, 0.0, 0.0, 1.0],
                [0.85096, -0.524527, -0.02719, 1e-06, 0.524944, 0.847643, 0.077047, 0.05, -0.017366, -0.079837, 0.996656, 0.0, 0.0, 0.0, 0.0, 1.0]
            ]
        },
        {
            "name": "Chest",
            "time": [0.0, 0.0167, 0.0333, 0.05, 0.0667, 0.1, 0.1333, 0.1667, 0.3, 0.5],
            "transform": [
                [0.998396, -0.004054, 0.056472, 0.0, 0.004917, 0.999873, -0.015164, 0.35, -0.056404, 0.015418, 0.998289, -0.0, 0.0, 0.0, 0.0, 1.0],
                [0.998264, 0.042199, 0.041093, 0.0, -0.041415, 0.998947, -0.019728, 0.35, -0.041882, 0.017991, 0.998961, 0.0, 0.0, 0.0, 0.0, 1.0],
                [0.991885, 0.12653, 0.012407, 0.0, -0.126174, 0.991662, -0.026218, 0.35, -0.015621, 0.024439, 0.999579, 0.0, 0.0, 0.0, 0.0, 1.0],
                [0.977013, 0.212443, -0.017698, 0.0, -0.212903, 0.976603, -0.030332, 0.35, 0.01084, 0.033403, 0.999383, -0.0, 0.0, 0.0, 0.0, 1.0],
                [0.966551, 0.254379, -0.032729, -0.0, -0.255384, 0.96633, -0.031385, 0.35, 0.023643, 0.038694, 0.998972, -0.0, 0.0, 0.0, 0.0, 1.0],
                [1.0, -1e-06, 1e-06, -0.0, 1e-06, 1.0, 1e-06, 0.35, -1e-06, -1e-06, 1.0, -0.0, 0.0, 0.0, 0.0, 1.0],
                [1.0, -1e-06, 1e-06, 0.0, 1e-06, 1.0, 1e-06, 0.35, -1e-06, -1e-06, 1.0, -0.0, 0.0, 0.0, 0.0, 1.0],
                [1.0, -1e-06, 1e-06, -0.0, 1e-06, 1.0, 1e-06, 0.349999, -1e-06, -1e-06, 1.0, 0.0, 0.0, 0.0, 0.0, 1.0],
                [1.0, -1e-06, 1e-06, 0.0, 1e-06, 1.0, 1e-06, 0.35, -1e-06, -1e-06, 1.0, -0.0, 0.0, 0.0, 0.0, 1.0],
                [1.0, -1e-06, 1e-06, 0.0, 1e-06, 1.0, 1e-06, 0.35, -1e-06, -1e-06, 1.0, 0.0, 0.0, 0.0, 0.0, 1.0]
            ]
        },
        {
            "name": "Head",
            "time": [0.0, 0.0167, 0.0333, 0.05, 0.0667, 0.1, 0.1333, 0.1667, 0.3, 0.5],
            "transform": [
                [0.308151, 0.189354, -0.932303, 0.0, 0.389609, 0.868921, 0.305257, 0.326028, 0.867899, -0.457298, 0.193985, -0.0, 0.0, 0.0, 0.0, 1.0],
                [0.217322, 0.090927, -0.971856, -0.0, 0.263683, 0.953166, 0.148142, 0.326028, 0.93981, -0.288456, 0.183168, -0.0, 0.0, 0.0, 0.0, 1.0],
                [0.238509, -0.075588, -0.968194, -0.0, 0.042191, 0.996832, -0.06743, 0.326028, 0.970223, -0.024767, 0.240943, 0.0, 0.0, 0.0, 0.0, 1.0],
                [0.431911, -0.152985, -0.888847, 0.0, -0.069548, 0.976925, -0.20194, 0.326028, 0.899231, 0.149037, 0.411305, 0.0, 0.0, 0.0, 0.0, 1.0],
                [0.650122, -0.192075, -0.735152, 0.0, 0.085238, 0.979851, -0.180629, 0.326028, 0.755034, 0.054768, 0.653395, -0.0, 0.0, 0.0, 0.0, 1.0],
                [0.90981, -0.364492, -0.198474, -0.0, 0.380747, 0.923345, 0.049653, 0.326028, 0.165162, -0.120744, 0.978848, -0.0, 0.0, 0.0, 0.0, 1.0],
                [0.950142, -0.268215, -0.159033, 0.0, 0.096934, 0.738812, -0.666904, 0.326028, 0.296369, 0.618238, 0.727975, 0.0, 0.0, 0.0, 0.0, 1.0],
                [0.98881, 0.11242, 0.098063, -0.0, -0.024956, 0.772739, -0.634233, 0.326028, -0.147078, 0.624689, 0.766898, 0.0, 0.0, 0.0, 0.0, 1.0],
                [0.6884, 0.217364, 0.691996, 0.0, -0.102473, 0.973617, -0.203883, 0.326028, -0.718056, 0.069442, 0.692512, 0.0, 0.0, 0.0, 0.0, 1.0],
                [0.508481, 0.028758, 0.860593, 0.0, 0.050055, 0.996765, -0.062884, 0.326029, -0.859617, 0.075052, 0.505397, 0.0, 0.0, 0.0, 0.0, 1.0]
            ]
        },
        {
            "name": "Shoulder_R",
            "time": [0.0, 0.0167, 0.0333, 0.05, 0.0667, 0.1, 0.1333, 0.1667, 0.3, 0.5],
            "transform": [
                [0.171886, 0.730398, 0.661039, 5e-06, -0.387567, -0.566775, 0.72702, 0.326028, 0.905675, -0.381161, 0.185658, 0.000947, 0.0, 0.0, 0.0, 1.0],
                [0.171816, 0.730379, 0.661078, 5e-06, -0.387796, -0.566732, 0.726931, 0.326029, 0.90559, -0.381262, 0.185865, 0.000947, 0.0, 0.0, 0.0, 1.0],
                [0.187624, 0.735014, 0.651576, 5e-06, -0.33412, -0.576041, 0.746017, 0.326028, 0.923667, -0.357675, 0.137504, 0.000947, 0.0, 0.0, 0.0, 1.0],
                [0.225243, 0.880652, 0.416794, 5e-06, -0.190936, -0.379593, 0.905236, 0.326029, 0.95541, -0.283479, 0.082648, 0.000947, 0.0, 0.0, 0.0, 1.0],
                [0.271498, 0.962041, 0.027661, 5e-06, 0.029564, -0.037064, 0.998875, 0.326028, 0.961985, -0.270375, -0.038504, 0.000947, 0.0, 0.0, 0.0, 1.0],
                [0.297991, 0.941657, -0.156469, 5e-06, 0.200275, 0.098593, 0.974767, 0.326028, 0.933323, -0.321808, -0.15921, 0.000947, 0.0, 0.0, 0.0, 1.0],
                [0.264763, 0.956734, 0.120664, 5e-06, -0.007005, -0.123218, 0.992355, 0.326029, 0.964288, -0.263585, -0.025922, 0.000947, 0.0, 0.0, 0.0, 1.0],
                [0.000759, 0.979842, 0.199771, 5e-06, -0.008657, -0.199757, 0.979807, 0.326029, 0.999962, -0.002473, 0.008331, 0.000947, 0.0, 0.0, 0.0, 1.0],
                [0.000759, 0.979842, 0.199771, 5e-06, -0.008657, -0.199757, 0.979807, 0.326028, 0.999962, -0.002473, 0.008331, 0.000946, 0.0, 0.0, 0.0, 1.0],
                [0.000759, 0.979842, 0.199771, 5e-06, -0.008657, -0.199757, 0.979807, 0.326028, 0.999962, -0.002473, 0.008331, 0.000946, 0.0, 0.0, 0.0, 1.0]
            ]
        },
        {
            "name": "Arm_R",
            "time": [0.0, 0.0167, 0.0333, 0.05, 0.0667, 0.1, 0.1333, 0.1667, 0.3, 0.5],
            "transform": [
                [-0.028214, -0.492564, -0.869818, 1.9e-05, -0.992319, 0.118647, -0.035001, 0.382873, 0.120441, 0.86215, -0.492128, -0.000733, 0.0, 0.0, 0.0, 1.0],
                [0.063587, -0.81118, -0.581327, 1.9e-05, -0.991523, 0.014786, -0.129088, 0.382882, 0.113309, 0.584608, -0.803364, -0.000776, 0.0, 0.0, 0.0, 1.0],
                [0.2621, -0.947995, -0.180576, 2.3e-05, -0.950575, -0.221335, -0.217755, 0.382914, 0.166463, 0.228725, -0.959152, -0.000918, 0.0, 0.0, 0.0, 1.0],
                [0.450966, -0.872631, 0.187468, 2.9e-05, -0.744098, -0.483569, -0.460954, 0.382962, 0.492896, 0.06838, -0.867396, -0.001133, 0.0, 0.0, 0.0, 1.0],
                [0.507433, -0.861475, -0.019285, 3.6e-05, -0.796839, -0.460608, -0.391007, 0.383023, 0.327961, 0.213777, -0.920185, -0.001407, 0.0, 0.0, 0.0, 1.0],
                [0.496297, -0.868124, -0.00704, 5.3e-05, -0.321, -0.175966, -0.930588, 0.383175, 0.806627, 0.464108, -0.365999, -0.002093, 0.0, 0.0, 0.0, 1.0],
                [0.912918, -0.358283, -0.195482, 6.5e-05, 0.253214, 0.872827, -0.417198, 0.383278, 0.320098, 0.33137, 0.887541, -0.002557, 0.0, 0.0, 0.0, 1.0],
                [0.718814, 0.60157, -0.34845, 7.8e-05, 0.285785, 0.201219, 0.936929, 0.383394, 0.633744, -0.773061, -0.027281, -0.003079, 0.0, 0.0, 0.0, 1.0],
                [0.557691, 0.731554, -0.392183, 0.000235, 0.13665, 0.385118, 0.912694, 0.384767, 0.818723, -0.562593, 0.11481, -0.009262, 0.0, 0.0, 0.0, 1.0],
                [-0.024456, 0.84849, -0.528644, 0.000235, -0.00209, 0.528758, 0.84877, 0.384769, 0.999698, 0.021861, -0.011158, -0.009263, 0.0, 0.0, 0.0, 1.0]
            ]
        },
        {
            "name": "Hand_R",
            "time": [0.0, 0.0167, 0.0333, 0.05, 0.0667, 0.1, 0.1333, 0.1667, 0.3, 0.5],
            "transform": [
                [1.0, 2e-06, -0.0, 0.0, -2e-06, 0.945214, -0.326452, 0.329931, -1e-06, 0.326452, 0.945214, 0.0, 0.0, 0.0, 0.0, 1.0],
                [1.0, 0.0, 0.0, -0.0, -0.0, 0.997913, -0.06457, 0.329931, -0.0, 0.06457, 0.997913, 0.0, 0.0, 0.0, 0.0, 1.0],
                [1.0, -0.0, 0.0, -0.0, 0.0, 0.997913, -0.06457, 0.329931, -0.0, 0.06457, 0.997914, 0.0, 0.0, 0.0, 0.0, 1.0],
                [1.000001, 0.0, 0.0, -0.0, 0.0, 0.997913, -0.06457, 0.329931, -0.0, 0.06457, 0.997914, -0.0, 0.0, 0.0, 0.0, 1.0],
                [1.0, 0.0, 0.0, -0.0, -0.0, 0.997914, -0.06457, 0.329931, -0.0, 0.06457, 0.997913, -0.0, 0.0, 0.0, 0.0, 1.0],
                [1.0, -0.0, 0.0, -0.0, 0.0, 0.997913, -0.06457, 0.329931, -0.0, 0.06457, 0.997913, -0.0, 0.0, 0.0, 0.0, 1.0],
                [1.0, 0.0, 0.0, 0.0, -0.0, 0.997913, -0.06457, 0.329931, -0.0, 0.06457, 0.997913, -0.0, 0.0, 0.0, 0.0, 1.0],
                [1.0, 0.0, 0.0, 0.0, -0.0, 0.997913, -0.06457, 0.32993, -0.0, 0.06457, 0.997914, -0.0, 0.0, 0.0, 0.0, 1.0],
                [1.0, 0.0, 0.0, 0.0, -0.0, 0.997913, -0.06457, 0.329932, -0.0, 0.06457, 0.997913, -0.0, 0.0, 0.0, 0.0, 1.0],
                [1.0, 0.0, 0.0, 0.0, -0.0, 0.997913, -0.06457, 0.32993, -0.0, 0.06457, 0.997913, 0.0, 0.0, 0.0, 0.0, 1.0]
            ]
        },
        {
            "name": "Tool_R",
            "time": [0.0, 0.0167, 0.0333, 0.05, 0.0667, 0.1, 0.1333, 0.1667, 0.3, 0.5],
            "transform": [
                [0.920282, 0.330447, -0.209493, -0.02, 0.373833, -0.584623, 0.720047, 0.289875, 0.115463, -0.74096, -0.66155, 0.000748, 0.0, 0.0, 0.0, 1.0],
                [0.928713, 0.27039, -0.253734, -0.02, 0.369845, -0.626437, 0.686144, 0.289774, 0.026578, -0.731072, -0.681784, 0.000792, 0.0, 0.0, 0.0, 1.0],
                [0.941505, 0.143087, -0.305113, -0.02, 0.266207, -0.870954, 0.413006, 0.289439, -0.206644, -0.470071, -0.858099, 0.000936, 0.0, 0.0, 0.0, 1.0],
                [0.979521, -0.12739, -0.155922, -0.02, -0.128966, -0.991649, 6e-06, 0.288934, -0.154621, 0.020103, -0.987771, 0.001156, 0.0, 0.0, 0.0, 1.0],
                [0.997494, -0.044992, 0.054608, -0.02, 0.046838, -0.158605, -0.986231, 0.291597, 0.053034, 0.986317, -0.1561, 0.0, 0.0, 0.0, 0.0, 1.0],
                [0.98966, 0.075727, -0.12181, -0.02, -0.083492, -0.386385, -0.918551, 0.28668, -0.116624, 0.919224, -0.376068, 0.002135, 0.0, 0.0, 0.0, 1.0],
                [0.99269, -0.079916, 0.090453, -0.02, 0.086212, -0.05503, -0.994757, 0.285589, 0.084473, 0.995282, -0.047738, 0.002609, 0.0, 0.0, 0.0, 1.0],
                [0.934384, -0.118405, 0.336016, -0.02, 0.144767, -0.735595, -0.661773, 0.284361, 0.325529, 0.666994, -0.670188, 0.003142, 0.0, 0.0, 0.0, 1.0],
                [0.997734, -0.016579, 0.065204, -0.02, 0.027433, -0.784684, -0.61929, 0.269832, 0.061432, 0.619675, -0.782452, 0.00945, 0.0, 0.0, 0.0, 1.0],
                [0.998798, -0.004972, 0.048757, -0.02, 0.013196, -0.930824, -0.365232, 0.269832, 0.0472, 0.365437, -0.92964, 0.00945, 0.0, 0.0, 0.0, 1.0]
            ]
        },
        {
            "name": "Elbow_R",
            "time": [0.0, 0.0167, 0.0333, 0.05, 0.0667, 0.1, 0.1333, 0.1667, 0.3, 0.5],
            "transform": [
                [-1.000001, -0.0, -0.0, -0.0, 0.0, 0.163542, -0.986537, 0.329931, 0.0, -0.986537, -0.163542, 0.0, 0.0, 0.0, 0.0, 1.0],
                [-1.0, -0.0, -0.0, 0.0, 0.0, 0.03031, -0.999541, 0.329931, 0.0, -0.999541, -0.03031, 0.0, 0.0, 0.0, 0.0, 1.0],
                [-1.0, -0.0, -0.0, -0.0, 0.0, 0.03031, -0.999541, 0.329931, 0.0, -0.999542, -0.03031, 0.0, 0.0, 0.0, 0.0, 1.0],
                [-1.000001, -0.0, -0.0, -0.0, 0.0, 0.030309, -0.999541, 0.329931, 0.0, -0.999541, -0.03031, -0.0, 0.0, 0.0, 0.0, 1.0],
                [-1.000001, -0.0, -0.0, -0.0, 0.0, 0.03031, -0.999542, 0.329931, 0.0, -0.999541, -0.03031, -0.0, 0.0, 0.0, 0.0, 1.0],
                [-1.0, -0.0, -0.0, -0.0, 0.0, 0.030309, -0.99954, 0.329931, 0.0, -0.999541, -0.030309, -0.0, 0.0, 0.0, 0.0, 1.0],
                [-1.000001, 0.0, -1e-06, 0.0, 0.0, 0.03031, -0.999541, 0.329931, 0.0, -0.999542, -0.03031, 0.0, 0.0, 0.0, 0.0, 1.0],
                [-1.000001, 0.0, -0.0, 0.0, 0.0, 0.030309, -0.999541, 0.32993, -0.0, -0.999542, -0.030309, 0.0, 0.0, 0.0, 0.0, 1.0],
                [-1.0, -0.0, -0.0, 0.0, 0.0, 0.03031, -0.999541, 0.329932, 0.0, -0.999541, -0.03031, -0.0, 0.0, 0.0, 0.0, 1.0],
                [-1.0, -0.0, -0.0, 0.0, 0.0, 0.03031, -0.999542, 0.32993, 0.0, -0.999541, -0.03031, 0.0, 0.0, 0.0, 0.0, 1.0]
            ]
        },
        {
            "name": "Shoulder_L",
            "time": [0.0, 0.0167, 0.0333, 0.05, 0.0667, 0.1, 0.1333, 0.1667, 0.3, 0.5],
            "transform": [
                [-0.226738, -0.748774, -0.622838, 0.0, -0.172236, -0.598588, 0.782322, 0.326028, -0.958606, 0.284657, 0.006757, -0.0, 0.0, 0.0, 0.0, 1.0],
                [-0.222231, -0.746877, -0.626729, 0.0, -0.19082, -0.597054, 0.779175, 0.326028, -0.956139, 0.292749, -0.009835, -0.0, 0.0, 0.0, 0.0, 1.0],
                [-0.209463, -0.741876, -0.636981, -0.0, -0.24136, -0.592048, 0.768911, 0.326028, -0.94756, 0.314801, -0.055047, 0.0, 0.0, 0.0, 0.0, 1.0],
                [-0.191879, -0.735792, -0.649456, -0.0, -0.306454, -0.583743, 0.751884, 0.326029, -0.932346, 0.343299, -0.113478, 0.0, 0.0, 0.0, 0.0, 1.0],
                [-0.190444, -0.735332, -0.650398, 0.0, -0.311561, -0.583, 0.750361, 0.326028, -0.930946, 0.34554, -0.118072, 0.0, 0.0, 0.0, 0.0, 1.0],
                [0.616441, -0.559121, -0.554423, -0.0, 0.291559, -0.491988, 0.82033, 0.326028, -0.731432, -0.667332, -0.140265, -0.0, 0.0, 0.0, 0.0, 1.0],
                [0.666116, -0.551049, -0.502628, 0.0, 0.289506, -0.430034, 0.855135, 0.326028, -0.687369, -0.715133, -0.12692, -0.0, 0.0, 0.0, 0.0, 1.0],
                [0.461197, -0.805246, -0.372662, 0.0, 0.152858, -0.341612, 0.927327, 0.326028, -0.874032, -0.484645, -0.034462, 0.0, 0.0, 0.0, 0.0, 1.0],
                [-0.001665, -0.979846, -0.199746, 0.0, 0.008164, -0.199753, 0.979812, 0.326028, -0.999965, 0.0, 0.008332, -0.0, 0.0, 0.0, 0.0, 1.0],
                [-0.001664, -0.979846, -0.199746, -0.0, 0.008164, -0.199753, 0.979813, 0.326028, -0.999966, -0.0, 0.008332, 0.0, 0.0, 0.0, 0.0, 1.0]
            ]
        },
        {
            "name": "Arm_L",
            "time": [0.0, 0.0167, 0.0333, 0.05, 0.0667, 0.1, 0.1333, 0.1667, 0.3, 0.5],
            "transform": [
                [-0.306414, 0.868928, 0.388683, 1e-06, 0.798448, 0.456927, -0.392044, 0.382916, -0.518257, 0.190215, -0.833803, -0.000723, 0.0, 0.0, 0.0, 1.0],
                [-0.293585, 0.759555, 0.580416, 1e-06, 0.760226, 0.553616, -0.339948, 0.382928, -0.579538, 0.341443, -0.739967, -0.000765, 0.0, 0.0, 0.0, 1.0],
                [-0.216213, 0.550848, 0.806112, 1e-06, 0.670257, 0.684095, -0.287695, 0.382967, -0.709934, 0.478099, -0.517121, -0.000906, 0.0, 0.0, 0.0, 1.0],
                [-0.043395, 0.425467, 0.903932, 2e-06, 0.465669, 0.809102, -0.358478, 0.383027, -0.883894, 0.405376, -0.233237, -0.001118, 0.0, 0.0, 0.0, 1.0],
                [0.095183, 0.536945, 0.83823, 2e-06, 0.220801, 0.809689, -0.543736, 0.383103, -0.970664, 0.236836, -0.04149, -0.001388, 0.0, 0.0, 0.0, 1.0],
                [0.518972, -0.779316, 0.351188, 3e-06, 0.019109, 0.42132, 0.90671, 0.383294, -0.854577, -0.463847, 0.233545, -0.002064, 0.0, 0.0, 0.0, 1.0],
                [0.001236, -0.98713, 0.159913, 4e-06, -0.39095, 0.146709, 0.908644, 0.383422, -0.92041, -0.06364, -0.385739, -0.002522, 0.0, 0.0, 0.0, 1.0],
                [0.01775, -0.982199, 0.187001, 5e-06, -0.695949, 0.122148, 0.707626, 0.383568, -0.717871, -0.142704, -0.681393, -0.003038, 0.0, 0.0, 0.0, 1.0],
                [0.07885, -0.744017, 0.663491, 1.5e-05, -0.610238, 0.490268, 0.622291, 0.385284, -0.788283, -0.453955, -0.415371, -0.009136, 0.0, 0.0, 0.0, 1.0],
                [0.119545, -0.992281, -0.032937, 1.5e-05, -0.322313, -0.070167, 0.944029, 0.385285, -0.939055, -0.102239, -0.328212, -0.009136, 0.0, 0.0, 0.0, 1.0]
            ]
        },
        {
            "name": "Hand_L",
            "time": [0.0, 0.0167, 0.0333, 0.05, 0.0667, 0.1, 0.1333, 0.1667, 0.3, 0.5],
            "transform": [
                [1.0, 4e-06, -1e-06, -0.0, -3e-06, 0.766443, -0.642312, 0.329931, -2e-06, 0.642312, 0.766443, 0.0, 0.0, 0.0, 0.0, 1.0],
                [1.0, 5e-06, -2e-06, -0.0, -4e-06, 0.584886, -0.811116, 0.329931, -3e-06, 0.811116, 0.584885, 0.0, 0.0, 0.0, 0.0, 1.0],
                [1.0, 5e-06, -3e-06, 0.0, -5e-06, 0.468611, -0.883406, 0.329931, -3e-06, 0.883405, 0.46861, 0.0, 0.0, 0.0, 0.0, 1.0],
                [1.0, 4e-06, -1e-06, -0.0, -4e-06, 0.684839, -0.728695, 0.329931, -2e-06, 0.728694, 0.684839, -0.0, 0.0, 0.0, 0.0, 1.0],
                [1.0, 1e-06, 0.0, 0.0, -1e-06, 0.977606, -0.210445, 0.329931, -1e-06, 0.210444, 0.977606, 0.0, 0.0, 0.0, 0.0, 1.0],
                [1.0, 0.0, 0.0, 0.0, -0.0, 0.997913, -0.064569, 0.329931, -0.0, 0.064569, 0.997913, 0.0, 0.0, 0.0, 0.0, 1.0],
                [1.0, 5e-06, -2e-06, 0.0, -4e-06, 0.469588, -0.882886, 0.329931, -3e-06, 0.882885, 0.469588, 0.0, 0.0, 0.0, 0.0, 1.0],
                [1.0, 5e-06, -6e-06, -0.0, -4e-06, -0.215629, -0.976475, 0.329931, -6e-06, 0.976475, -0.215629, 0.0, 0.0, 0.0, 0.0, 1.0],
                [1.0, 4e-06, -3e-06, -0.0, -3e-06, -0.047979, -0.998849, 0.32993, -4e-06, 0.998848, -0.047979, -0.0, 0.0, 0.0, 0.0, 1.0],
                [1.0, 3e-06, -4e-06, 0.0, -3e-06, -0.350456, -0.93658, 0.329931, -5e-06, 0.936579, -0.350456, 0.0, 0.0, 0.0, 0.0, 1.0]
            ]
        },
        {
            "name": "Tool_L",
            "time": [0.0, 0.0167, 0.0333, 0.05, 0.0667, 0.1, 0.1333, 0.1667, 0.3, 0.5],
            "transform": [
                [-0.567733, -0.515195, 0.642071, 0.02, -0.453048, 0.846756, 0.278839, 0.291597, -0.687334, -0.132583, -0.714139, -0.0, 0.0, 0.0, 0.0, 1.0],
                [-0.5885, -0.429447, 0.685014, 0.02, -0.501201, 0.858605, 0.107688, 0.291597, -0.634403, -0.279956, -0.720528, -0.0, 0.0, 0.0, 0.0, 1.0],
                [-0.596312, -0.487156, 0.638038, 0.02, -0.614094, 0.788727, 0.028276, 0.291597, -0.517012, -0.374954, -0.769486, -0.0, 0.0, 0.0, 0.0, 1.0],
                [-0.43896, -0.778188, 0.449153, 0.02, -0.765128, 0.585818, 0.267204, 0.291597, -0.471057, -0.226368, -0.852563, 0.0, 0.0, 0.0, 0.0, 1.0],
                [0.054743, -0.954287, 0.293837, 0.02, -0.768737, 0.147522, 0.62232, 0.291597, -0.637219, -0.259951, -0.725519, -0.0, 0.0, 0.0, 0.0, 1.0],
                [0.950427, -0.011369, 0.310741, 0.02, 0.022019, -0.994362, -0.103729, 0.291597, 0.310168, 0.105429, -0.944818, -0.0, 0.0, 0.0, 0.0, 1.0],
                [0.673517, -0.046372, 0.737716, 0.02, 0.071644, -0.989236, -0.127591, 0.291598, 0.735691, 0.138787, -0.662946, -0.0, 0.0, 0.0, 0.0, 1.0],
                [0.597343, -0.027257, 0.801523, 0.02, 0.054728, -0.995707, -0.074647, 0.291597, 0.800116, 0.088455, -0.593287, -0.0, 0.0, 0.0, 0.0, 1.0],
                [0.615643, -0.242286, 0.749856, 0.02, 0.267858, -0.830564, -0.488279, 0.291597, 0.741105, 0.50146, -0.446432, -0.0, 0.0, 0.0, 0.0, 1.0],
                [0.680924, -0.339252, 0.649039, 0.019999, 0.36131, -0.615257, -0.700653, 0.291598, 0.637024, 0.711596, -0.296367, -0.0, 0.0, 0.0, 0.0, 1.0]
            ]
        },
        {
            "name": "Elbow_L",
            "time": [0.0, 0.0167, 0.0333, 0.05, 0.0667, 0.1, 0.1333, 0.1667, 0.3, 0.5],
            "transform": [
                [-1.0, -0.0, -0.0, -0.0, 0.0, 0.339855, -0.940478, 0.329931, 0.0, -0.940478, -0.339854, 0.0, 0.0, 0.0, 0.0, 1.0],
                [-1.0, -0.0, -0.0, -0.0, 0.0, 0.453809, -0.891099, 0.329931, 0.0, -0.891099, -0.453809, 0.0, 0.0, 0.0, 0.0, 1.0],
                [-1.0, 0.0, -0.0, 0.0, 0.0, 0.513746, -0.857942, 0.329931, 0.0, -0.857942, -0.513746, 0.0, 0.0, 0.0, 0.0, 1.0],
                [-1.0, -0.0, -0.0, -0.0, 0.0, 0.395134, -0.918624, 0.329931, 0.0, -0.918624, -0.395133, 0.0, 0.0, 0.0, 0.0, 1.0],
                [-1.0, -0.0, -0.0, 0.0, 0.0, 0.103834, -0.994595, 0.329931, 0.0, -0.994595, -0.103834, 0.0, 0.0, 0.0, 0.0, 1.0],
                [-1.0, -0.0, -0.0, -0.0, 1e-06, 0.030309, -0.999541, 0.329931, 0.0, -0.99954, -0.030309, 0.0, 0.0, 0.0, 0.0, 1.0],
                [-1.0, 0.0, -1e-06, 0.0, 0.0, 0.513271, -0.858226, 0.329931, 0.0, -0.858226, -0.513271, -0.0, 0.0, 0.0, 0.0, 1.0],
                [-1.0, 0.0, -0.0, -0.0, 0.0, 0.778374, -0.6278, 0.32993, 0.0, -0.6278, -0.778374, 0.0, 0.0, 0.0, 0.0, 1.0],
                [-1.0, 0.0, -0.0, -0.0, 0.0, 0.722494, -0.691377, 0.32993, 0.0, -0.691377, -0.722494, -0.0, 0.0, 0.0, 0.0, 1.0],
                [-1.0, 0.0, -1e-06, 0.0, 1e-06, 0.820585, -0.571525, 0.329931, 0.0, -0.571524, -0.820585, 0.0, 0.0, 0.0, 0.0, 1.0]
            ]
        }
    ]
}