{
    "animation": [
        {
            "name": "Root",
            "time": [0.0, 0.0667, 0.2, 0.3, 0.3167, 0.3333, 0.35, 0.3667, 0.3833, 0.4, 0.4167, 0.4333, 0.45, 0.4667, 0.4833, 0.5],
            "transform": [
                [0.748083, 0.003042, -0.663598, -5e-06, -0.663494, -0.014897, -0.748034, 0.000946, -0.012161, 0.999884, -0.009126, 0.752258, 0.0, 0.0, 0.0, 1.0],
                [0.999607, 0.001108, -0.028026, -5e-06, -0.028007, -0.014255, -0.999506, 0.002491, -0.001507, 0.999898, -0.014218, 0.752434, 0.0, 0.0, 0.0, 1.0],
                [0.939043, -0.004343, 0.343772, -5e-06, 0.343655, -0.017185, -0.938939, 0.042647, 0.009986, 0.999843, -0.014645, 0.753042, 0.0, 0.0, 0.0, 1.0],
                [0.525494, -0.0132, 0.850695, -5e-06, 0.849749, -0.041468, -0.525553, 0.100946, 0.042214, 0.999053, -0.010574, 0.756232, 0.0, 0.0, 0.0, 1.0],
                [0.431071, -0.012278, 0.902234, -5e-06, 0.901184, -0.044248, -0.431171, 0.097517, 0.045216, 0.998945, -0.008009, 0.756473, 0.0, 0.0, 0.0, 1.0],
                [0.318561, -0.010471, 0.947844, -5e-06, 0.946689, -0.047054, -0.318693, 0.088326, 0.047937, 0.998837, -0.005077, 0.756701, 0.0, 0.0, 0.0, 1.0],
                [0.208318, -0.00785, 0.97803, -5e-06, 0.976757, -0.049952, -0.208448, 0.07502, 0.050491, 0.998721, -0.002739, 0.756976, 0.0, 0.0, 0.0, 1.0],
                [0.082843, -0.004633, 0.996552, -5e-06, 0.995174, -0.052387, -0.082972, 0.059245, 0.052591, 0.998616, 0.000271, 0.757221, 0.0, 0.0, 0.0, 1.0],
                [-0.040242, -0.000913, 0.99919, -5e-06, 0.997706, -0.054528, 0.040132, 0.042647, 0.054447, 0.998512, 0.003105, 0.757489, 0.0, 0.0, 0.0, 1.0],
                [-0.150883, 0.003112, 0.988547, -5e-06, 0.986952, -0.056394, 0.150817, 0.026872, 0.056217, 0.998404, 0.005438, 0.757791, 0.0, 0.0, 0.0, 1.0],
                [-0.236476, 0.007292, 0.97161, -5e-06, 0.969887, -0.058217, 0.236493, 0.013566, 0.058288, 0.998277, 0.006695, 0.758154, 0.0, 0.0, 0.0, 1.0],
                [-0.296343, 0.011751, 0.955009, -5e-06, 0.953127, -0.060295, 0.296501, 0.004376, 0.061067, 0.998111, 0.006668, 0.758605, 0.0, 0.0, 0.0, 1.0],
                [-0.319093, 0.017267, 0.947566, -5e-06, 0.945428, -0.06374, 0.319535, 0.000946, 0.065915, 0.997817, 0.004014, 0.759289, 0.0, 0.0, 0.0, 1.0],
                [-0.190577, 0.02156, 0.981436, -5e-06, 0.978794, -0.072337, 0.191653, 0.000946, 0.075126, 0.997147, -0.007317, 0.760446, 0.0, 0.0, 0.0, 1.0],
                [0.071426, 0.020515, 0.997235, -5e-06, 0.994026, -0.08418, -0.069465, 0.000946, 0.082522, 0.996239, -0.026405, 0.761747, 0.0, 0.0, 0.0, 1.0],
                [0.230704, 0.017636, 0.972864, -5e-06, 0.969411, -0.090246, -0.228249, 0.000946, 0.083772, 0.995763, -0.037917, 0.76242, 0.0, 0.0, 0.0, 1.0]
            ]
        },
        {
            "name": "Thigh_R",
            "time": [0.0, 0.0667, 0.2, 0.3, 0.3167, 0.3333, 0.35, 0.3667, 0.3833, 0.4, 0.4167, 0.4333, 0.45, 0.4667, 0.4833, 0.5],
            "transform": [
                [0.987816, 0.149916, 0.041762, 0.124994, 0.149762, -0.988697, 0.006806, -0.002831, 0.042311, -0.000469, -0.999105, -1.2e-05, 0.0, 0.0, 0.0, 1.0],
                [0.716762, 0.015489, 0.697146, 0.124254, 0.184679, -0.968268, -0.168364, -0.005027, 0.672418, 0.249425, -0.69688, 0.000551, 0.0, 0.0, 0.0, 1.0],
                [0.773279, -0.093091, 0.627195, 0.116107, 0.110745, -0.954129, -0.278155, -0.029226, 0.62432, 0.28455, -0.7275, 0.006752, 0.0, 0.0, 0.0, 1.0],
                [0.808428, -0.217868, 0.546789, 0.10329, -0.107691, -0.968039, -0.226496, -0.067298, 0.57866, 0.124221, -0.806054, 0.016509, 0.0, 0.0, 0.0, 1.0],
                [0.740783, -0.241053, 0.627004, 0.104132, -0.094961, -0.9616, -0.257497, -0.064795, 0.664998, 0.131208, -0.73523, 0.015867, 0.0, 0.0, 0.0, 1.0],
                [0.657044, -0.24245, 0.7138, 0.106098, -0.068002, -0.962071, -0.264184, -0.058955, 0.750778, 0.12504, -0.648612, 0.014371, 0.0, 0.0, 0.0, 1.0],
                [0.57241, -0.216565, 0.790852, 0.108532, -0.031347, -0.969564, -0.242815, -0.051726, 0.819368, 0.114199, -0.561778, 0.012518, 0.0, 0.0, 0.0, 1.0],
                [0.469229, -0.211706, 0.857325, 0.111989, 0.01117, -0.969336, -0.24548, -0.041458, 0.883006, 0.124763, -0.452477, 0.009887, 0.0, 0.0, 0.0, 1.0],
                [0.361694, -0.249322, 0.898341, 0.115675, 0.051959, -0.956688, -0.286436, -0.03051, 0.930848, 0.150279, -0.333074, 0.007081, 0.0, 0.0, 0.0, 1.0],
                [0.263023, -0.218505, 0.93972, 0.119181, 0.098201, -0.962893, -0.25138, -0.020096, 0.959779, 0.1584, -0.231806, 0.004413, 0.0, 0.0, 0.0, 1.0],
                [0.185469, -0.194063, 0.963297, 0.122024, 0.136565, -0.965701, -0.220841, -0.011653, 0.973114, 0.172511, -0.152605, 0.002249, 0.0, 0.0, 0.0, 1.0],
                [0.130061, -0.180458, 0.974946, 0.124142, 0.164171, -0.965805, -0.200668, -0.00536, 0.97782, 0.186156, -0.095988, 0.000636, 0.0, 0.0, 0.0, 1.0],
                [0.10947, -0.179487, 0.977651, 0.124994, 0.176488, -0.964423, -0.196821, -0.00283, 0.978196, 0.19409, -0.073899, -1.2e-05, 0.0, 0.0, 0.0, 1.0],
                [0.257402, -0.163117, 0.952438, 0.124994, 0.151141, -0.966721, -0.20641, -0.00283, 0.954411, 0.197083, -0.224182, -1.2e-05, 0.0, 0.0, 0.0, 1.0],
                [0.527597, -0.124809, 0.840276, 0.124994, 0.097975, -0.973606, -0.206131, -0.002831, 0.843826, 0.19108, -0.501444, -1.2e-05, 0.0, 0.0, 0.0, 1.0],
                [0.670095, -0.101923, 0.735245, 0.124994, 0.067535, -0.978048, -0.197132, -0.00283, 0.739197, 0.181752, -0.648501, -1.2e-05, 0.0, 0.0, 0.0, 1.0]
            ]
        },
        {
            "name": "Leg_R",
            "time": [0.0, 0.0667, 0.2, 0.3, 0.3167, 0.3333, 0.35, 0.3667, 0.3833, 0.4, 0.4167, 0.4333, 0.45, 0.4667, 0.4833, 0.5],
            "transform": [
                [0.999772, -0.021188, -0.002661, -0.0, 0.021276, 0.977642, 0.209208, 0.374854, -0.001831, -0.209217, 0.977867, 0.0, 0.0, 0.0, 0.0, 1.0],
                [0.999991, -0.004194, -0.000568, -0.0, 0.004218, 0.998613, 0.052528, 0.374854, 0.000346, -0.05253, 0.998618, 0.0, 0.0, 0.0, 0.0, 1.0],
                [0.99999, -0.004534, -0.00053, 0.0, 0.004555, 0.998611, 0.052528, 0.374854, 0.000291, -0.05253, 0.998619, -0.0, 0.0, 0.0, 0.0, 1.0],
                [0.999455, -0.032434, -0.006117, -0.0, 0.03253, 0.936639, 0.348787, 0.374854, -0.005583, -0.348795, 0.937182, 0.0, 0.0, 0.0, 0.0, 1.0],
                [0.999605, -0.027738, -0.004536, -0.0, 0.027819, 0.953345, 0.300605, 0.374854, -0.004014, -0.300611, 0.953738, -0.0, 0.0, 0.0, 0.0, 1.0],
                [0.999687, -0.024758, -0.00367, 0.0, 0.024828, 0.962433, 0.270387, 0.374854, -0.003162, -0.270393, 0.962744, 0.0, 0.0, 0.0, 0.0, 1.0],
                [0.999696, -0.02442, -0.0036, -0.0, 0.024486, 0.962732, 0.26935, 0.374854, -0.003112, -0.269356, 0.963035, -0.0, 0.0, 0.0, 0.0, 1.0],
                [0.999828, -0.018449, -0.002155, 0.0, 0.018498, 0.978502, 0.205415, 0.374854, -0.001681, -0.205419, 0.978672, 0.0, 0.0, 0.0, 0.0, 1.0],
                [0.999996, -0.002688, -0.000359, -0.0, 0.002703, 0.998617, 0.05253, 0.374854, 0.000218, -0.05253, 0.998619, 0.0, 0.0, 0.0, 0.0, 1.0],
                [0.999997, -0.002551, -0.000342, 0.0, 0.002566, 0.998617, 0.05253, 0.374854, 0.000208, -0.05253, 0.998619, -0.0, 0.0, 0.0, 0.0, 1.0],
                [0.999997, -0.002411, -0.000341, 0.0, 0.002425, 0.998618, 0.05253, 0.374854, 0.000214, -0.05253, 0.998619, -0.0, 0.0, 0.0, 0.0, 1.0],
                [0.999998, -0.00221, -0.000314, 0.0, 0.002223, 0.998618, 0.05253, 0.374854, 0.000197, -0.05253, 0.998619, 0.0, 0.0, 0.0, 0.0, 1.0],
                [0.999998, -0.001924, -0.000291, -0.0, 0.001936, 0.998618, 0.05253, 0.374854, 0.00019, -0.05253, 0.998619, -0.0, 0.0, 0.0, 0.0, 1.0],
                [0.999999, -0.001431, -0.000234, 0.0, 0.001441, 0.998619, 0.05253, 0.374854, 0.000158, -0.05253, 0.998619, 0.0, 0.0, 0.0, 0.0, 1.0],
                [1.0, -0.000885, -0.000158, 0.0, 0.000892, 0.99862, 0.05253, 0.374854, 0.000111, -0.05253, 0.998619, -0.0, 0.0, 0.0, 0.0, 1.0],
                [1.0, -0.000615, -0.000119, 0.0, 0.00062, 0.99862, 0.05253, 0.374854, 8.6e-05, -0.05253, 0.998619, -0.0, 0.0, 0.0, 0.0, 1.0]
            ]
        },
        {
            "name": "Knee_R",
            "time": [0.0, 0.0667, 0.2, 0.3, 0.3167, 0.3333, 0.35, 0.3667, 0.3833, 0.4, 0.4167, 0.4333, 0.45, 0.4667, 0.4833, 0.5],
            "transform": [
                [0.999943, -0.010646, -0.000915, 0.0, 0.000215, 0.105601, -0.994409, 0.374854, 0.010683, 0.994352, 0.105597, -0.0, 0.0, 0.0, 0.0, 1.0],
                [0.999997, -0.002097, -0.000287, -0.0, -0.000231, 0.026678, -0.999644, 0.374854, 0.002104, 0.999642, 0.026677, 0.0, 0.0, 0.0, 0.0, 1.0],
                [0.999997, -0.002266, -0.000268, -0.0, -0.000208, 0.026678, -0.999644, 0.374854, 0.002273, 0.999642, 0.026677, -0.0, 0.0, 0.0, 0.0, 1.0],
                [0.999863, -0.01645, -0.001828, -0.0, 0.001124, 0.177628, -0.984097, 0.374854, 0.016513, 0.983961, 0.177622, 0.0, 0.0, 0.0, 0.0, 1.0],
                [0.999901, -0.014013, -0.001393, -0.0, 0.00076, 0.152492, -0.988305, 0.374854, 0.014061, 0.988206, 0.152487, -0.0, 0.0, 0.0, 0.0, 1.0],
                [0.999921, -0.01248, -0.001153, 0.0, 0.000567, 0.136887, -0.990587, 0.374854, 0.012521, 0.990508, 0.136883, 0.0, 0.0, 0.0, 0.0, 1.0],
                [0.999924, -0.012309, -0.00113, 0.0, 0.000559, 0.136353, -0.99066, 0.374854, 0.012348, 0.990584, 0.136349, 0.0, 0.0, 0.0, 0.0, 1.0],
                [0.999957, -0.009265, -0.000725, -0.0, 0.000239, 0.103669, -0.994612, 0.374854, 0.00929, 0.994569, 0.103667, 0.0, 0.0, 0.0, 0.0, 1.0],
                [0.999999, -0.001343, -0.000183, 0.0, -0.000147, 0.026678, -0.999644, 0.374854, 0.001347, 0.999643, 0.026678, 0.0, 0.0, 0.0, 0.0, 1.0],
                [0.999999, -0.001275, -0.000174, 0.0, -0.00014, 0.026679, -0.999644, 0.374854, 0.001279, 0.999644, 0.026678, -0.0, 0.0, 0.0, 0.0, 1.0],
                [0.999999, -0.001205, -0.000174, 0.0, -0.000142, 0.026679, -0.999644, 0.374854, 0.001209, 0.999643, 0.026678, -0.0, 0.0, 0.0, 0.0, 1.0],
                [0.999999, -0.001104, -0.00016, 0.0, -0.000131, 0.026679, -0.999644, 0.374854, 0.001108, 0.999644, 0.026678, 0.0, 0.0, 0.0, 0.0, 1.0],
                [0.999999, -0.000961, -0.000149, -0.0, -0.000123, 0.026679, -0.999644, 0.374854, 0.000964, 0.999644, 0.026678, -0.0, 0.0, 0.0, 0.0, 1.0],
                [1.0, -0.000714, -0.00012, 0.0, -0.000101, 0.026679, -0.999644, 0.374854, 0.000718, 0.999644, 0.026679, 0.0, 0.0, 0.0, 0.0, 1.0],
                [1.0, -0.000441, -8.2e-05, 0.0, -7e-05, 0.026679, -0.999644, 0.374854, 0.000443, 0.999644, 0.026679, -0.0, 0.0, 0.0, 0.0, 1.0],
                [1.0, -0.000307, -6.3e-05, 0.0, -5.4e-05, 0.026679, -0.999644, 0.374854, 0.000308, 0.999644, 0.026679, -0.0, 0.0, 0.0, 0.0, 1.0]
            ]
        },
        {
            "name": "Thigh_L",
            "time": [0.0, 0.0667, 0.2, 0.3, 0.3167, 0.3333, 0.35, 0.3667, 0.3833, 0.4, 0.4167, 0.4333, 0.45, 0.4667, 0.4833, 0.5],
            "transform": [
                [0.815601, -0.177279, -0.550789, -0.125006, -0.084568, -0.978209, 0.189623, -0.002831, -0.572403, -0.108078, -0.812819, -1.2e-05, 0.0, 0.0, 0.0, 1.0],
                [0.994054, -0.030489, 0.10454, -0.124726, -0.051938, -0.976523, 0.209062, -0.004122, 0.095711, -0.213248, -0.972299, -0.000356, 0.0, 0.0, 0.0, 1.0],
                [0.994385, 0.046459, 0.095086, -0.121638, 0.012422, -0.943516, 0.331093, -0.018348, 0.105097, -0.328053, -0.938795, -0.004146, 0.0, 0.0, 0.0, 1.0],
                [0.987006, 0.113623, 0.113621, -0.116779, 0.049899, -0.888873, 0.455428, -0.040731, 0.152742, -0.443841, -0.882993, -0.010108, 0.0, 0.0, 0.0, 1.0],
                [0.962541, 0.13723, 0.233845, -0.117098, 0.016398, -0.890342, 0.454996, -0.03926, 0.270641, -0.434118, -0.859241, -0.009716, 0.0, 0.0, 0.0, 1.0],
                [0.917359, 0.158329, 0.36522, -0.117844, -0.021445, -0.896505, 0.442515, -0.035826, 0.397485, -0.413777, -0.819021, -0.008802, 0.0, 0.0, 0.0, 1.0],
                [0.857952, 0.166702, 0.485932, -0.118766, -0.061275, -0.905929, 0.418972, -0.031576, 0.510064, -0.389234, -0.767029, -0.007669, 0.0, 0.0, 0.0, 1.0],
                [0.776747, 0.165504, 0.607678, -0.120076, -0.101233, -0.919501, 0.379828, -0.02554, 0.621624, -0.356547, -0.697466, -0.006061, 0.0, 0.0, 0.0, 1.0],
                [0.684263, 0.147847, 0.714091, -0.121474, -0.138773, -0.934938, 0.326548, -0.019104, 0.71591, -0.322542, -0.619226, -0.004347, 0.0, 0.0, 0.0, 1.0],
                [0.591404, 0.111728, 0.798598, -0.122803, -0.170622, -0.950593, 0.259347, -0.012981, 0.788118, -0.289637, -0.543122, -0.002716, 0.0, 0.0, 0.0, 1.0],
                [0.513384, 0.05705, 0.856261, -0.12388, -0.19335, -0.964443, 0.180184, -0.008017, 0.836094, -0.258062, -0.484099, -0.001393, 0.0, 0.0, 0.0, 1.0],
                [0.456378, -0.025379, 0.889425, -0.124683, -0.203882, -0.975981, 0.076766, -0.004317, 0.866114, -0.216372, -0.45059, -0.000408, 0.0, 0.0, 0.0, 1.0],
                [0.433734, -0.038372, 0.900224, -0.125006, -0.208596, -0.976227, 0.058892, -0.002831, 0.876563, -0.213327, -0.431427, -1.2e-05, 0.0, 0.0, 0.0, 1.0],
                [0.540596, -0.038116, 0.840418, -0.125006, -0.193388, -0.977852, 0.080048, -0.00283, 0.818753, -0.205801, -0.535994, -1.2e-05, 0.0, 0.0, 0.0, 1.0],
                [0.729035, -0.058278, 0.68199, -0.125006, -0.167359, -0.981303, 0.095049, -0.002831, 0.6637, -0.183431, -0.725159, -1.2e-05, 0.0, 0.0, 0.0, 1.0],
                [0.82411, -0.083234, 0.560282, -0.125006, -0.154316, -0.984721, 0.080693, -0.00283, 0.545005, -0.15296, -0.824363, -1.2e-05, 0.0, 0.0, 0.0, 1.0]
            ]
        },
        {
            "name": "Leg_L",
            "time": [0.0, 0.0667, 0.2, 0.3, 0.3167, 0.3333, 0.35, 0.3667, 0.3833, 0.4, 0.4167, 0.4333, 0.45, 0.4667, 0.4833, 0.5],
            "transform": [
                [0.999838, 0.017608, 0.003516, -0.0, -0.017948, 0.97456, 0.223402, 0.374854, 0.000507, -0.22343, 0.97472, -0.0, 0.0, 0.0, 0.0, 1.0],
                [0.999993, 0.00321, 0.001634, 0.0, -0.003291, 0.998613, 0.052525, 0.374854, -0.001464, -0.05253, 0.998618, 0.0, 0.0, 0.0, 0.0, 1.0],
                [0.999872, 0.015654, 0.003005, -0.0, -0.015939, 0.979538, 0.200624, 0.374854, 0.000197, -0.200647, 0.979663, 0.0, 0.0, 0.0, 0.0, 1.0],
                [0.999078, 0.040774, 0.013357, -0.0, -0.041329, 0.83095, 0.55481, 0.374854, 0.011523, -0.554851, 0.83187, 0.0, 0.0, 0.0, 0.0, 1.0],
                [0.999046, 0.041407, 0.013853, -0.0, -0.041957, 0.822603, 0.567066, 0.374854, 0.012085, -0.567106, 0.823556, 0.0, 0.0, 0.0, 0.0, 1.0],
                [0.999078, 0.040756, 0.013478, 0.0, -0.041285, 0.826253, 0.561785, 0.374854, 0.01176, -0.561823, 0.827174, -0.0, 0.0, 0.0, 0.0, 1.0],
                [0.99915, 0.039256, 0.012563, 0.0, -0.039749, 0.837091, 0.545617, 0.374854, 0.010902, -0.545652, 0.83794, -0.0, 0.0, 0.0, 0.0, 1.0],
                [0.999301, 0.035853, 0.010534, -0.0, -0.036291, 0.863944, 0.502278, 0.374854, 0.008908, -0.502309, 0.864642, 0.0, 0.0, 0.0, 0.0, 1.0],
                [0.999493, 0.030818, 0.007908, -0.0, -0.031183, 0.899517, 0.43577, 0.374854, 0.006317, -0.435796, 0.900023, -0.0, 0.0, 0.0, 0.0, 1.0],
                [0.999699, 0.023985, 0.005041, -0.0, -0.024259, 0.939017, 0.343014, 0.374854, 0.003493, -0.343033, 0.939317, -0.0, 0.0, 0.0, 0.0, 1.0],
                [0.999876, 0.015469, 0.002511, 0.0, -0.015638, 0.974331, 0.224572, 0.374854, 0.001028, -0.224584, 0.974454, -0.0, 0.0, 0.0, 0.0, 1.0],
                [0.999997, 0.002005, 0.00079, 0.0, -0.002044, 0.998617, 0.052529, 0.374854, -0.000683, -0.05253, 0.998619, -0.0, 0.0, 0.0, 0.0, 1.0],
                [0.999998, 0.001752, 0.000703, -0.0, -0.001786, 0.998618, 0.052529, 0.374854, -0.00061, -0.05253, 0.998619, -0.0, 0.0, 0.0, 0.0, 1.0],
                [0.999957, 0.009168, 0.00117, 0.0, -0.009238, 0.98785, 0.155138, 0.374854, 0.000267, -0.155142, 0.987892, 0.0, 0.0, 0.0, 0.0, 1.0],
                [0.999911, 0.013215, 0.002111, -0.0, -0.013293, 0.962487, 0.271001, 0.374854, 0.001549, -0.271005, 0.962576, -0.0, 0.0, 0.0, 0.0, 1.0],
                [0.999927, 0.011932, 0.002, -0.0, -0.011991, 0.955403, 0.295062, 0.374854, 0.001609, -0.295064, 0.955476, 0.0, 0.0, 0.0, 0.0, 1.0]
            ]
        },
        {
            "name": "Knee_L",
            "time": [0.0, 0.0667, 0.2, 0.3, 0.3167, 0.3333, 0.35, 0.3667, 0.3833, 0.4, 0.4167, 0.4333, 0.45, 0.4667, 0.4833, 0.5],
            "transform": [
                [0.999959, 0.008881, 0.001376, -0.0, 0.000365, 0.112832, -0.993614, 0.374854, -0.008979, 0.993574, 0.112824, -0.0, 0.0, 0.0, 0.0, 1.0],
                [0.999999, 0.001605, 0.000816, 0.0, 0.000773, 0.026678, -0.999644, 0.374854, -0.001626, 0.999643, 0.026677, 0.0, 0.0, 0.0, 0.0, 1.0],
                [0.999968, 0.007884, 0.001209, 0.0, 0.000404, 0.101241, -0.994862, 0.374854, -0.007966, 0.994831, 0.101234, 0.0, 0.0, 0.0, 0.0, 1.0],
                [0.999765, 0.021292, 0.00393, -0.0, -0.002422, 0.290337, -0.956921, 0.374854, -0.021516, 0.956687, 0.290321, -0.0, 0.0, 0.0, 0.0, 1.0],
                [0.999757, 0.021669, 0.004057, -0.0, -0.002572, 0.297419, -0.954744, 0.374854, -0.021895, 0.954501, 0.297403, 0.0, 0.0, 0.0, 0.0, 1.0],
                [0.999765, 0.021307, 0.003948, 0.0, -0.0025, 0.294358, -0.955692, 0.374854, -0.021525, 0.955458, 0.294342, -0.0, 0.0, 0.0, 0.0, 1.0],
                [0.999784, 0.020462, 0.003691, 0.0, -0.002296, 0.285055, -0.958509, 0.374854, -0.020665, 0.958293, 0.28504, -0.0, 0.0, 0.0, 0.0, 1.0],
                [0.999823, 0.018557, 0.003132, -0.0, -0.001811, 0.26055, -0.965459, 0.374854, -0.018732, 0.965282, 0.260538, 0.0, 0.0, 0.0, 0.0, 1.0],
                [0.999872, 0.015807, 0.002413, -0.0, -0.001189, 0.223981, -0.974593, 0.374854, -0.015945, 0.974465, 0.223971, -0.0, 0.0, 0.0, 0.0, 1.0],
                [0.999924, 0.012182, 0.001626, -0.0, -0.000526, 0.17459, -0.984641, 0.374854, -0.012278, 0.984566, 0.174584, -0.0, 0.0, 0.0, 0.0, 1.0],
                [0.999969, 0.00779, 0.000917, 0.0, 2.8e-05, 0.113421, -0.993547, 0.374854, -0.007843, 0.993516, 0.113417, -0.0, 0.0, 0.0, 0.0, 1.0],
                [0.999999, 0.001003, 0.000393, 0.0, 0.000367, 0.026678, -0.999644, 0.374854, -0.001013, 0.999644, 0.026678, -0.0, 0.0, 0.0, 0.0, 1.0],
                [0.999999, 0.000876, 0.00035, -0.0, 0.000327, 0.026678, -0.999644, 0.374854, -0.000885, 0.999644, 0.026678, -0.0, 0.0, 0.0, 0.0, 1.0],
                [0.99999, 0.004599, 0.000465, 0.0, 0.000104, 0.078211, -0.996937, 0.374854, -0.004622, 0.996927, 0.078209, -0.0, 0.0, 0.0, 0.0, 1.0],
                [0.999978, 0.006667, 0.000687, 0.0, -0.000234, 0.137192, -0.990545, 0.374854, -0.006698, 0.990523, 0.13719, 0.0, 0.0, 0.0, 0.0, 1.0],
                [0.999982, 0.006028, 0.00063, -0.0, -0.000279, 0.149605, -0.988746, 0.374854, -0.006055, 0.988728, 0.149604, -0.0, 0.0, 0.0, 0.0, 1.0]
            ]
        },
        {
            "name": "Torso",
            "time": [0.0, 0.0667, 0.2, 0.3, 0.3167, 0.3333, 0.35, 0.3667, 0.3833, 0.4, 0.4167, 0.4333, 0.45, 0.4667, 0.4833, 0.5],
            "transform": [
                [0.99992, -0.012669, -0.000347, -0.0, 0.012671, 0.999874, 0.009501, 0.05, 0.000226, -0.009505, 0.999955, 0.0, 0.0, 0.0, 0.0, 1.0],
                [0.999999, -0.001565, -0.00011, 0.0, 0.001566, 0.999892, 0.014604, 0.05, 8.7e-05, -0.014604, 0.999893, -0.0, 0.0, 0.0, 0.0, 1.0],
                [0.999964, 0.008493, 0.000149, 0.0, -0.008494, 0.999913, 0.010038, 0.05, -6.3e-05, -0.010039, 0.99995, -0.0, 0.0, 0.0, 0.0, 1.0],
                [0.999468, 0.032628, 0.000462, 0.0, -0.032629, 0.99946, 0.003984, 0.05, -0.000332, -0.003997, 0.999992, 0.0, 0.0, 0.0, 0.0, 1.0],
                [0.999295, 0.037543, 0.000516, -0.0, -0.037545, 0.999288, 0.003752, 0.05, -0.000375, -0.003769, 0.999993, -0.0, 0.0, 0.0, 0.0, 1.0],
                [0.998898, 0.046925, 0.000641, 0.0, -0.046927, 0.998889, 0.004248, 0.05, -0.000441, -0.004273, 0.999991, -0.0, 0.0, 0.0, 0.0, 1.0],
                [0.998191, 0.060111, 0.000803, 0.0, -0.060113, 0.998181, 0.004415, 0.05, -0.000536, -0.004455, 0.99999, -0.0, 0.0, 0.0, 0.0, 1.0],
                [0.997174, 0.075118, 0.000871, 0.0, -0.075119, 0.997174, 0.001351, 0.05, -0.000767, -0.001413, 0.999999, 0.0, 0.0, 0.0, 0.0, 1.0],
                [0.995925, 0.090186, 0.000752, -0.0, -0.090181, 0.995915, -0.004668, 0.05, -0.00117, 0.004581, 0.999989, 0.0, 0.0, 0.0, 0.0, 1.0],
                [0.994623, 0.103561, 0.000416, 0.0, -0.103547, 0.994544, -0.012656, 0.05, -0.001724, 0.012545, 0.999919, -0.0, 0.0, 0.0, 0.0, 1.0],
                [0.993494, 0.113888, -2.1e-05, 0.0, -0.113865, 0.993293, -0.020079, 0.05, -0.002265, 0.019951, 0.999798, 0.0, 0.0, 0.0, 0.0, 1.0],
                [0.992892, 0.119022, -0.000361, -0.0, -0.118995, 0.992597, -0.024335, 0.05, -0.002538, 0.024205, 0.999704, -0.0, 0.0, 0.0, 0.0, 1.0],
                [0.993022, 0.117928, -0.000302, 0.0, -0.117909, 0.992803, -0.020969, 0.05, -0.002173, 0.020858, 0.99978, 0.0, 0.0, 0.0, 0.0, 1.0],
                [0.993301, 0.11555, 0.000676, -0.0, -0.115551, 0.993302, 0.000228, 0.05, -0.000645, -0.000304, 1.0, 0.0, 0.0, 0.0, 0.0, 1.0],
                [0.993898, 0.110286, 0.001986, -0.0, -0.110297, 0.99347, 0.029159, 0.05, 0.001243, -0.029201, 0.999572, 0.0, 0.0, 0.0, 0.0, 1.0],
                [0.994465, 0.105039, 0.002538, -0.0, -0.10505, 0.993508, 0.043657, 0.05, 0.002064, -0.043682, 0.999044, -0.0, 0.0, 0.0, 0.0, 1.0]
            ]
        },
        {
            "name": "Chest",
            "time": [0.0, 0.0667, 0.2, 0.3, 0.3167, 0.3333, 0.35, 0.3667, 0.3833, 0.4, 0.4167, 0.4333, 0.45, 0.4667, 0.4833, 0.5],
            "transform": [
                [0.996195, -1e-06, -0.087155, -0.0, 1e-06, 1.0, 1e-06, 0.35, 0.087155, -1e-06, 0.996195, 0.0, 0.0, 0.0, 0.0, 1.0],
                [0.996192, -1e-06, -0.087189, 0.0, 1e-06, 1.0, 1e-06, 0.35, 0.087189, -1e-06, 0.996192, -0.0, 0.0, 0.0, 0.0, 1.0],
                [0.996103, -1e-06, -0.088206, 0.0, 1e-06, 1.0, 1e-06, 0.35, 0.088206, -1e-06, 0.996103, 0.0, 0.0, 0.0, 0.0, 1.0],
                [0.995721, -1e-06, -0.092413, 0.0, 1e-06, 1.0, 1e-06, 0.35, 0.092413, -1e-06, 0.995721, -0.0, 0.0, 0.0, 0.0, 1.0],
                [0.995692, -1e-06, -0.092731, -0.0, 1e-06, 1.0, 1e-06, 0.35, 0.092731, -1e-06, 0.995692, -0.0, 0.0, 0.0, 0.0, 1.0],
                [0.995663, -1e-06, -0.093033, 0.0, 1e-06, 1.0, 1e-06, 0.35, 0.093033, -1e-06, 0.995663, 0.0, 0.0, 0.0, 0.0, 1.0],
                [0.995629, -1e-06, -0.093397, -0.0, 1e-06, 1.0, 1e-06, 0.35, 0.093397, -1e-06, 0.995629, 0.0, 0.0, 0.0, 0.0, 1.0],
                [0.995599, -1e-06, -0.093721, -0.0, 1e-06, 1.0, 1e-06, 0.35, 0.093721, -1e-06, 0.995598, 0.0, 0.0, 0.0, 0.0, 1.0],
                [0.995565, -1e-06, -0.094075, 0.0, 1e-06, 1.0, 1e-06, 0.35, 0.094075, -1e-06, 0.995565, 0.0, 0.0, 0.0, 0.0, 1.0],
                [0.995528, -1e-06, -0.094475, -0.0, 1e-06, 1.000001, 1e-06, 0.35, 0.094475, -1e-06, 0.995528, -0.0, 0.0, 0.0, 0.0, 1.0],
                [0.995481, -1e-06, -0.094955, -0.0, 1e-06, 1.0, 1e-06, 0.35, 0.094955, -1e-06, 0.995482, -0.0, 0.0, 0.0, 0.0, 1.0],
                [0.995425, -1e-06, -0.095552, 0.0, 1e-06, 1.0, 1e-06, 0.35, 0.095552, -1e-06, 0.995425, -0.0, 0.0, 0.0, 0.0, 1.0],
                [0.995338, -1e-06, -0.096456, 0.0, 1e-06, 1.0, 1e-06, 0.35, 0.096456, -1e-06, 0.995337, 0.0, 0.0, 0.0, 0.0, 1.0],
                [0.995188, -1e-06, -0.097987, 0.0, 1e-06, 1.0, 1e-06, 0.35, 0.097987, -1e-06, 0.995188, 0.0, 0.0, 0.0, 0.0, 1.0],
                [0.995017, -1e-06, -0.099707, -0.0, 1e-06, 1.0, 1e-06, 0.35, 0.099707, -1e-06, 0.995017, 0.0, 0.0, 0.0, 0.0, 1.0],
                [0.994927, -1e-06, -0.100596, -0.0, 1e-06, 1.0, 1e-06, 0.35, 0.100597, -1e-06, 0.994927, 0.0, 0.0, 0.0, 0.0, 1.0]
            ]
        },
        {
            "name": "Head",
            "time": [0.0, 0.0667, 0.2, 0.3, 0.3167, 0.3333, 0.35, 0.3667, 0.3833, 0.4, 0.4167, 0.4333, 0.45, 0.4667, 0.4833, 0.5],
            "transform": [
                [0.695963, -0.04095, 0.716909, 0.0, -0.001603, 0.998281, 0.058578, 0.326028, -0.718076, -0.041918, 0.694701, 0.0, 0.0, 0.0, 0.0, 1.0],
                [0.994614, -0.004096, 0.103563, 0.0, -0.002082, 0.998227, 0.059477, 0.326029, -0.103623, -0.059372, 0.992843, 0.0, 0.0, 0.0, 0.0, 1.0],
                [0.966569, 0.029716, -0.254678, 0.0, -0.008433, 0.996408, 0.084256, 0.326028, 0.256267, -0.079292, 0.963348, -0.0, 0.0, 0.0, 0.0, 1.0],
                [0.730311, 0.157957, -0.664602, -0.0, -0.035674, 0.98039, 0.19381, 0.326028, 0.682183, -0.117833, 0.721625, 0.0, 0.0, 0.0, 0.0, 1.0],
                [0.677549, 0.177291, -0.71379, -0.0, -0.038918, 0.977794, 0.205923, 0.326029, 0.734448, -0.111744, 0.669403, -0.0, 0.0, 0.0, 0.0, 1.0],
                [0.615107, 0.194147, -0.764166, 0.0, -0.040585, 0.97572, 0.215226, 0.326029, 0.787398, -0.101374, 0.608052, 0.0, 0.0, 0.0, 0.0, 1.0],
                [0.553351, 0.205383, -0.80723, 0.0, -0.04036, 0.974597, 0.220299, 0.326029, 0.83197, -0.089323, 0.547584, 0.0, 0.0, 0.0, 0.0, 1.0],
                [0.481962, 0.215882, -0.849181, -0.0, -0.038637, 0.973465, 0.225549, 0.326028, 0.87534, -0.075896, 0.477514, -0.0, 0.0, 0.0, 0.0, 1.0],
                [0.410035, 0.224556, -0.883994, -0.0, -0.036014, 0.972448, 0.23032, 0.326028, 0.911359, -0.062603, 0.406825, 0.0, 0.0, 0.0, 0.0, 1.0],
                [0.343357, 0.231755, -0.910162, -0.0, -0.033134, 0.971463, 0.234865, 0.326029, 0.93862, -0.050485, 0.341238, 0.0, 0.0, 0.0, 0.0, 1.0],
                [0.29028, 0.237455, -0.927012, -0.0, -0.03077, 0.970539, 0.238969, 0.326028, 0.956447, -0.040844, 0.289035, -0.0, 0.0, 0.0, 0.0, 1.0],
                [0.252407, 0.244524, -0.936215, -0.0, -0.030424, 0.96907, 0.244903, 0.326028, 0.967143, -0.033332, 0.25204, -0.0, 0.0, 0.0, 0.0, 1.0],
                [0.238244, 0.253991, -0.937405, -0.0, -0.033701, 0.966778, 0.253384, 0.326029, 0.97062, -0.028776, 0.238889, -0.0, 0.0, 0.0, 0.0, 1.0],
                [0.313539, 0.23765, -0.919356, 0.0, -0.029915, 0.970167, 0.240582, 0.326028, 0.949104, -0.04793, 0.311294, 0.0, 0.0, 0.0, 0.0, 1.0],
                [0.45643, 0.188683, -0.869523, 0.0, -0.018085, 0.979022, 0.20295, 0.326028, 0.889576, -0.076907, 0.450267, -0.0, 0.0, 0.0, 0.0, 1.0],
                [0.538246, 0.155455, -0.828327, 0.0, -0.011636, 0.984118, 0.177132, 0.326028, 0.842707, -0.085702, 0.531507, -0.0, 0.0, 0.0, 0.0, 1.0]
            ]
        },
        {
            "name": "Shoulder_R",
            "time": [0.0, 0.0667, 0.2, 0.3, 0.3167, 0.3333, 0.35, 0.3667, 0.3833, 0.4, 0.4167, 0.4333, 0.45, 0.4667, 0.4833, 0.5],
            "transform": [
                [0.000127, 0.96383, 0.266519, 5e-06, -0.008668, -0.266508, 0.963794, 0.326028, 0.999963, -0.002432, 0.008321, 0.000947, 0.0, 0.0, 0.0, 1.0],
                [0.006527, 0.964252, 0.264906, 5e-06, -0.010424, -0.264831, 0.964238, 0.326028, 0.999924, -0.009055, 0.008323, 0.000947, 0.0, 0.0, 0.0, 1.0],
                [0.160963, 0.960759, 0.225903, 5e-06, -0.048823, -0.220856, 0.974084, 0.326028, 0.985752, -0.16782, 0.011357, 0.000947, 0.0, 0.0, 0.0, 1.0],
                [0.253157, 0.950215, 0.181666, 5e-06, -0.065817, -0.170431, 0.983169, 0.326028, 0.965183, -0.260853, 0.019395, 0.000947, 0.0, 0.0, 0.0, 1.0],
                [0.253082, 0.949906, 0.18338, 5e-06, -0.066186, -0.172106, 0.982852, 0.326028, 0.965178, -0.260879, 0.019314, 0.000947, 0.0, 0.0, 0.0, 1.0],
                [0.25288, 0.9492, 0.187276, 5e-06, -0.067168, -0.175877, 0.982118, 0.326028, 0.965163, -0.260937, 0.019281, 0.000947, 0.0, 0.0, 0.0, 1.0],
                [0.252584, 0.94817, 0.192809, 5e-06, -0.068602, -0.18122, 0.981047, 0.326028, 0.96514, -0.261024, 0.019273, 0.000947, 0.0, 0.0, 0.0, 1.0],
                [0.25219, 0.946892, 0.199491, 5e-06, -0.070511, -0.187625, 0.979707, 0.326028, 0.965105, -0.261138, 0.019449, 0.000947, 0.0, 0.0, 0.0, 1.0],
                [0.251746, 0.945459, 0.206715, 5e-06, -0.072656, -0.194528, 0.978203, 0.326028, 0.965062, -0.261277, 0.019721, 0.000947, 0.0, 0.0, 0.0, 1.0],
                [0.251305, 0.944002, 0.21379, 5e-06, -0.074778, -0.201283, 0.976675, 0.326028, 0.965015, -0.26143, 0.020008, 0.000947, 0.0, 0.0, 0.0, 1.0],
                [0.250945, 0.942693, 0.219902, 5e-06, -0.076506, -0.207145, 0.975314, 0.326028, 0.964973, -0.261574, 0.020139, 0.000947, 0.0, 0.0, 0.0, 1.0],
                [0.250762, 0.941744, 0.224135, 5e-06, -0.077386, -0.21129, 0.974355, 0.326028, 0.964951, -0.261676, 0.019895, 0.000947, 0.0, 0.0, 0.0, 1.0],
                [0.250899, 0.941386, 0.225481, 5e-06, -0.076726, -0.212859, 0.974066, 0.326028, 0.964968, -0.261693, 0.018823, 0.000947, 0.0, 0.0, 0.0, 1.0],
                [0.252273, 0.942389, 0.219687, 5e-06, -0.07011, -0.208632, 0.975478, 0.326028, 0.965113, -0.261489, 0.013439, 0.000947, 0.0, 0.0, 0.0, 1.0],
                [0.189378, 0.959834, 0.207016, 5e-06, -0.048944, -0.201342, 0.978297, 0.326028, 0.980684, -0.1954, 0.008848, 0.000947, 0.0, 0.0, 0.0, 1.0],
                [0.000759, 0.979842, 0.199771, 5e-06, -0.008657, -0.199757, 0.979807, 0.326028, 0.999962, -0.002473, 0.008331, 0.000947, 0.0, 0.0, 0.0, 1.0]
            ]
        },
        {
            "name": "Arm_R",
            "time": [0.0, 0.0667, 0.2, 0.3, 0.3167, 0.3333, 0.35, 0.3667, 0.3833, 0.4, 0.4167, 0.4333, 0.45, 0.4667, 0.4833, 0.5],
            "transform": [
                [0.396834, -0.835485, -0.380113, 0.000494, 0.644663, 0.548476, -0.532525, 0.387047, 0.6534, -0.033721, 0.756261, -0.019518, 0.0, 0.0, 0.0, 1.0],
                [0.09612, -0.993709, -0.057465, 0.000493, 0.091304, -0.048687, 0.994632, 0.387038, -0.991173, -0.100851, 0.08605, -0.019474, 0.0, 0.0, 0.0, 1.0],
                [-0.223538, -0.625169, -0.747792, 0.000461, -0.605947, 0.690066, -0.395773, 0.386753, 0.76345, 0.364654, -0.533076, -0.018195, 0.0, 0.0, 0.0, 1.0],
                [-0.445478, -0.809428, -0.38259, 0.000327, -0.606355, 0.587178, -0.53624, 0.385576, 0.658696, -0.006897, -0.752377, -0.012896, 0.0, 0.0, 0.0, 1.0],
                [-0.295778, -0.936769, -0.187023, 0.000316, -0.603262, 0.334976, -0.723785, 0.385487, 0.740668, -0.101255, -0.664197, -0.012496, 0.0, 0.0, 0.0, 1.0],
                [-0.173805, -0.97983, 0.098617, 0.000307, -0.430623, -0.01444, -0.902416, 0.385402, 0.885638, -0.199311, -0.419428, -0.012115, 0.0, 0.0, 0.0, 1.0],
                [-0.213928, -0.956805, 0.196873, 0.000295, -0.249381, -0.141368, -0.958031, 0.3853, 0.94448, -0.254047, -0.208366, -0.011657, 0.0, 0.0, 0.0, 1.0],
                [-0.268447, -0.946284, 0.180229, 0.000285, -0.207328, -0.125954, -0.970129, 0.38521, 0.940718, -0.297794, -0.16238, -0.011249, 0.0, 0.0, 0.0, 1.0],
                [-0.308951, -0.939361, 0.148829, 0.000274, -0.283909, -0.058259, -0.957079, 0.385111, 0.907713, -0.337945, -0.248694, -0.010803, 0.0, 0.0, 0.0, 1.0],
                [-0.3561, -0.92201, 0.151956, 0.000261, -0.417782, 0.011631, -0.908472, 0.384999, 0.835853, -0.386992, -0.389341, -0.010299, 0.0, 0.0, 0.0, 1.0],
                [-0.406318, -0.888486, 0.213301, 0.000246, -0.525898, 0.036496, -0.849764, 0.384864, 0.74722, -0.457449, -0.482082, -0.009694, 0.0, 0.0, 0.0, 1.0],
                [-0.460036, -0.83377, 0.305274, 0.000226, -0.557305, 0.003492, -0.8303, 0.384697, 0.691214, -0.552099, -0.466272, -0.008942, 0.0, 0.0, 0.0, 1.0],
                [-0.532721, -0.742445, 0.40618, 0.000198, -0.510821, -0.100566, -0.853784, 0.384444, 0.674736, -0.662315, -0.325683, -0.007803, 0.0, 0.0, 0.0, 1.0],
                [-0.737062, -0.583414, 0.341128, 0.000149, -0.293316, -0.178589, -0.939187, 0.384015, 0.608856, -0.792296, -0.039494, -0.005874, 0.0, 0.0, 0.0, 1.0],
                [-0.75391, -0.318164, -0.574795, 9.4e-05, 0.539088, 0.200471, -0.818043, 0.383533, 0.375501, -0.926597, 0.020381, -0.003706, 0.0, 0.0, 0.0, 1.0],
                [-0.610713, -0.427994, -0.666219, 6.5e-05, 0.577603, 0.334744, -0.744527, 0.383284, 0.541666, -0.839504, 0.042778, -0.002584, 0.0, 0.0, 0.0, 1.0]
            ]
        },
        {
            "name": "Hand_R",
            "time": [0.0, 0.0667, 0.2, 0.3, 0.3167, 0.3333, 0.35, 0.3667, 0.3833, 0.4, 0.4167, 0.4333, 0.45, 0.4667, 0.4833, 0.5],
            "transform": [
                [1.0, 0.0, 0.0, 0.0, -0.0, 0.997913, -0.06457, 0.329931, -0.0, 0.06457, 0.997913, -0.0, 0.0, 0.0, 0.0, 1.0],
                [1.0, 0.0, 0.0, -0.0, -0.0, 0.997914, -0.06457, 0.329931, -0.0, 0.06457, 0.997913, 0.0, 0.0, 0.0, 0.0, 1.0],
                [1.0, 0.0, 0.0, -0.0, -0.0, 0.997913, -0.06457, 0.329931, -0.0, 0.06457, 0.997913, 0.0, 0.0, 0.0, 0.0, 1.0],
                [1.0, 0.0, 0.0, -0.0, -0.0, 0.997913, -0.06457, 0.329931, -0.0, 0.06457, 0.997913, -0.0, 0.0, 0.0, 0.0, 1.0],
                [1.0, 0.0, 1e-06, 0.0, -0.0, 0.997913, -0.06457, 0.329931, -0.0, 0.06457, 0.997913, 0.0, 0.0, 0.0, 0.0, 1.0],
                [1.0, 0.0, 0.0, 0.0, -0.0, 0.997913, -0.06457, 0.329931, -0.0, 0.06457, 0.997913, -0.0, 0.0, 0.0, 0.0, 1.0],
                [1.0, 0.0, 0.0, 0.0, -0.0, 0.997913, -0.06457, 0.329931, -0.0, 0.06457, 0.997914, -0.0, 0.0, 0.0, 0.0, 1.0],
                [1.0, 0.0, 0.0, -0.0, -0.0, 0.997914, -0.06457, 0.329931, -0.0, 0.06457, 0.997913, 0.0, 0.0, 0.0, 0.0, 1.0],
                [1.0, 0.0, 0.0, 0.0, -0.0, 0.997913, -0.06457, 0.329931, -0.0, 0.06457, 0.997913, 0.0, 0.0, 0.0, 0.0, 1.0],
                [1.0, 0.0, 0.0, 0.0, -0.0, 0.997913, -0.06457, 0.329931, -0.0, 0.06457, 0.997913, 0.0, 0.0, 0.0, 0.0, 1.0],
                [1.0, 0.0, 0.0, 0.0, -0.0, 0.997914, -0.06457, 0.329931, -0.0, 0.06457, 0.997913, 0.0, 0.0, 0.0, 0.0, 1.0],
                [1.0, 0.0, 0.0, 0.0, -0.0, 0.997913, -0.06457, 0.329931, -0.0, 0.06457, 0.997913, 0.0, 0.0, 0.0, 0.0, 1.0],
                [1.0, 0.0, 0.0, 0.0, 0.0, 0.997913, -0.06457, 0.329931, -0.0, 0.06457, 0.997913, -0.0, 0.0, 0.0, 0.0, 1.0],
                [1.0, 0.0, 0.0, 0.0, -0.0, 0.997913, -0.06457, 0.329931, -0.0, 0.06457, 0.997913, -0.0, 0.0, 0.0, 0.0, 1.0],
                [1.0, 2e-06, -0.0, -0.0, -2e-06, 0.849299, -0.527912, 0.329931, -1e-06, 0.527912, 0.849299, -0.0, 0.0, 0.0, 0.0, 1.0],
                [1.0, 3e-06, -0.0, -0.0, -2e-06, 0.829231, -0.558907, 0.329931, -1e-06, 0.558906, 0.829231, -0.0, 0.0, 0.0, 0.0, 1.0]
            ]
        },
        {
            "name": "Tool_R",
            "time": [0.0, 0.0667, 0.2, 0.3, 0.3167, 0.3333, 0.35, 0.3667, 0.3833, 0.4, 0.4167, 0.4333, 0.45, 0.4667, 0.4833, 0.5],
            "transform": [
                [0.99995, -0.000213, -0.010073, -0.02, -0.00299, -0.961005, -0.276517, 0.245734, -0.009622, 0.276533, -0.960957, 0.019914, 0.0, 0.0, 0.0, 1.0],
                [0.999392, -0.001297, 0.034837, -0.02, 0.002491, -0.994099, -0.108447, 0.291597, 0.034772, 0.108468, -0.993492, 0.0, 0.0, 0.0, 0.0, 1.0],
                [0.989772, -0.119216, -0.078355, -0.02, -0.060867, -0.849634, 0.523849, 0.291597, -0.129024, -0.513722, -0.8482, -0.0, 0.0, 0.0, 0.0, 1.0],
                [0.510845, -0.822084, -0.251426, -0.02, -0.656599, -0.561893, 0.503144, 0.291597, -0.554902, -0.091943, -0.826821, -0.0, 0.0, 0.0, 0.0, 1.0],
                [0.626467, -0.766243, -0.142864, -0.02, -0.688665, -0.629973, 0.358992, 0.291597, -0.365076, -0.126512, -0.922342, -0.0, 0.0, 0.0, 0.0, 1.0],
                [0.773678, -0.578165, 0.259129, -0.02, -0.631201, -0.738765, 0.236244, 0.291597, 0.054847, -0.346339, -0.936505, -0.0, 0.0, 0.0, 0.0, 1.0],
                [0.772129, -0.354048, 0.5277, -0.02, -0.559164, -0.773072, 0.299491, 0.291597, 0.301917, -0.526315, -0.794884, -0.0, 0.0, 0.0, 0.0, 1.0],
                [0.792686, -0.353797, 0.496465, -0.020083, -0.575307, -0.703534, 0.417208, 0.291512, 0.201673, -0.616334, -0.761224, -0.000165, 0.0, 0.0, 0.0, 1.0],
                [0.785512, -0.493547, 0.373342, -0.009904, -0.618846, -0.628141, 0.471667, 0.305069, 0.001722, -0.60154, -0.798841, -0.036395, 0.0, 0.0, 0.0, 1.0],
                [0.667448, -0.714962, 0.20819, -0.031087, -0.710478, -0.527686, 0.465587, 0.266261, -0.223018, -0.458669, -0.860167, 0.01297, 0.0, 0.0, 0.0, 1.0],
                [0.441961, -0.896992, 0.008697, -0.065949, -0.815105, -0.397528, 0.4214, 0.25059, -0.374536, -0.193332, -0.906834, 0.049581, 0.0, 0.0, 0.0, 1.0],
                [0.198044, -0.979135, -0.045546, -0.059225, -0.93213, -0.202501, 0.300215, 0.262839, -0.303174, -0.017001, -0.952784, 0.053544, 0.0, 0.0, 0.0, 1.0],
                [-0.078114, -0.995893, 0.045788, -0.021043, -0.994518, 0.081045, 0.0661, 0.290531, -0.06954, -0.040374, -0.996762, -0.002058, 0.0, 0.0, 0.0, 1.0],
                [-0.422018, -0.850027, 0.315208, 0.080043, -0.872865, 0.474918, 0.11208, 0.480673, -0.24497, -0.227834, -0.942381, -0.039201, 0.0, 0.0, 0.0, 1.0],
                [0.267495, -0.24209, 0.932652, -0.004949, -0.694711, 0.62227, 0.360775, 0.724839, -0.667702, -0.744428, -0.001729, 0.395543, 0.0, 0.0, 0.0, 1.0],
                [0.652244, -0.3919, 0.648841, -0.437724, -0.271709, 0.678222, 0.682781, 0.73194, -0.70764, -0.621635, 0.335883, 0.598303, 0.0, 0.0, 0.0, 1.0]
            ]
        },
        {
            "name": "Elbow_R",
            "time": [0.0, 0.0667, 0.2, 0.3, 0.3167, 0.3333, 0.35, 0.3667, 0.3833, 0.4, 0.4167, 0.4333, 0.45, 0.4667, 0.4833, 0.5],
            "transform": [
                [-1.000001, -0.0, -0.0, -0.0, 0.0, 0.03031, -0.999541, 0.329931, -0.0, -0.999541, -0.03031, -0.0, 0.0, 0.0, 0.0, 1.0],
                [-1.0, 0.0, -0.0, -0.0, 0.0, 0.03031, -0.999541, 0.329931, 0.0, -0.999541, -0.03031, 0.0, 0.0, 0.0, 0.0, 1.0],
                [-1.000001, -1e-06, -0.0, -0.0, 0.0, 0.03031, -0.999541, 0.329931, -0.0, -0.999541, -0.03031, -0.0, 0.0, 0.0, 0.0, 1.0],
                [-1.000001, 0.0, -0.0, -0.0, 0.0, 0.030309, -0.999541, 0.329931, 0.0, -0.999541, -0.030309, 0.0, 0.0, 0.0, 0.0, 1.0],
                [-1.0, -0.0, -0.0, 0.0, 0.0, 0.03031, -0.999541, 0.329931, 0.0, -0.999541, -0.03031, 0.0, 0.0, 0.0, 0.0, 1.0],
                [-1.000001, -0.0, -0.0, 0.0, 0.0, 0.03031, -0.999541, 0.329931, 0.0, -0.999541, -0.030309, -0.0, 0.0, 0.0, 0.0, 1.0],
                [-1.000001, 0.0, -0.0, 0.0, 0.0, 0.030309, -0.999541, 0.329931, 0.0, -0.999542, -0.03031, -0.0, 0.0, 0.0, 0.0, 1.0],
                [-1.0, -0.0, -0.0, -0.0, 0.0, 0.030309, -0.999541, 0.329931, 0.0, -0.999541, -0.03031, -0.0, 0.0, 0.0, 0.0, 1.0],
                [-1.0, -0.0, -0.0, 0.0, 0.0, 0.03031, -0.99954, 0.329931, 0.0, -0.999541, -0.03031, -0.0, 0.0, 0.0, 0.0, 1.0],
                [-1.0, -0.0, -0.0, 0.0, 0.0, 0.03031, -0.999541, 0.329931, 0.0, -0.999541, -0.030309, 0.0, 0.0, 0.0, 0.0, 1.0],
                [-1.0, -0.0, -0.0, 0.0, 0.0, 0.03031, -0.999541, 0.329931, 0.0, -0.999541, -0.030309, 0.0, 0.0, 0.0, 0.0, 1.0],
                [-1.000001, -0.0, -0.0, 0.0, 0.0, 0.03031, -0.999541, 0.329931, 0.0, -0.999541, -0.03031, 0.0, 0.0, 0.0, 0.0, 1.0],
                [-1.000001, -0.0, -0.0, 0.0, 0.0, 0.03031, -0.999541, 0.329931, 0.0, -0.999541, -0.030309, -0.0, 0.0, 0.0, 0.0, 1.0],
                [-1.0, -0.0, -0.0, 0.0, 0.0, 0.030309, -0.999541, 0.329931, 0.0, -0.999541, -0.030309, 0.0, 0.0, 0.0, 0.0, 1.0],
                [-1.000001, 0.0, -0.0, -0.0, 0.0, 0.272583, -0.962132, 0.329931, 0.0, -0.962133, -0.272583, 0.0, 0.0, 0.0, 0.0, 1.0],
                [-1.000001, -0.0, -0.0, -0.0, 0.0, 0.2903, -0.956936, 0.329931, 0.0, -0.956937, -0.2903, -0.0, 0.0, 0.0, 0.0, 1.0]
            ]
        },
        {
            "name": "Shoulder_L",
            "time": [0.0, 0.0667, 0.2, 0.3, 0.3167, 0.3333, 0.35, 0.3667, 0.3833, 0.4, 0.4167, 0.4333, 0.45, 0.4667, 0.4833, 0.5],
            "transform": [
                [-0.003593, -0.958364, -0.285529, 0.0, 0.012059, -0.285551, 0.958288, 0.326028, -0.999921, 0.0, 0.012583, 0.0, 0.0, 0.0, 0.0, 1.0],
                [-0.003588, -0.95839, -0.28544, 0.0, 0.012046, -0.285463, 0.958314, 0.326028, -0.999921, 0.0, 0.012569, 0.0, 0.0, 0.0, 0.0, 1.0],
