{
    "animation": [
        {
            "name": "Root",
            "time": [0.0, 0.0333, 0.0667, 0.1, 0.1333, 0.5],
            "transform": [
                [-0.541947, 0.0, 0.840412, -5e-06, 0.840406, -0.003781, 0.541943, 0.000946, 0.003177, 0.999993, 0.002049, 0.50059, 0.0, 0.0, 0.0, 1.0],
                [-0.156071, 0.013517, 0.987653, -5e-06, 0.987688, -0.008657, 0.156195, 0.041856, 0.010662, 0.999871, -0.012, 0.513935, 0.0, 0.0, 0.0, 1.0],
                [0.742053, 0.028923, 0.669717, -5e-06, 0.67033, -0.026266, -0.741598, 0.300946, -0.003858, 0.999236, -0.038879, 0.527281, 0.0, 0.0, 0.0, 1.0],
                [0.884041, 0.021721, -0.466904, -5e-06, -0.465754, -0.043069, -0.883866, 0.800946, -0.039307, 0.998836, -0.027959, 0.536178, 0.0, 0.0, 0.0, 1.0],
                [0.075275, -0.0, -0.997163, -5e-06, -0.995977, -0.048761, -0.075186, 1.000946, -0.048622, 0.99881, -0.003671, 0.583972, 0.0, 0.0, 0.0, 1.0],
                [-0.100206, -0.0, -0.994967, -5e-06, -0.993783, -0.048761, 0.100087, 1.000946, -0.048515, 0.99881, 0.004886, 0.553972, 0.0, 0.0, 0.0, 1.0]
            ]
        },
        {
            "name": "Thigh_R",
            "time": [0.0, 0.0333, 0.0667, 0.1, 0.1333, 0.5],
            "transform": [
                [0.987614, 0.153849, 0.030811, 0.124994, 0.156808, -0.97464, -0.159649, -0.00283, 0.005468, 0.162503, -0.986693, -1.2e-05, 0.0, 0.0, 0.0, 1.0],
                [0.931916, 0.362184, -0.018834, 0.124994, 0.362076, -0.926143, 0.105641, -0.00283, 0.020818, -0.105268, -0.994226, -1.2e-05, 0.0, 0.0, 0.0, 1.0],
                [0.705532, 0.645095, 0.293388, 0.124994, 0.308208, -0.652102, 0.692656, -0.00283, 0.638148, -0.398266, -0.658902, -1.2e-05, 0.0, 0.0, 0.0, 1.0],
                [0.881035, 0.416379, -0.224511, 0.124994, 0.429155, -0.903185, 0.009057, -0.002831, -0.199003, -0.104329, -0.974429, -1.2e-05, 0.0, 0.0, 0.0, 1.0],
                [0.802901, 0.553011, -0.222553, 0.124994, 0.582547, -0.6487, 0.489723, -0.00283, 0.126452, -0.522846, -0.842996, -1.2e-05, 0.0, 0.0, 0.0, 1.0],
                [0.80635, 0.430808, -0.405221, 0.124994, 0.591339, -0.574707, 0.565712, -0.002831, 0.01083, -0.695785, -0.718169, -1.2e-05, 0.0, 0.0, 0.0, 1.0]
            ]
        },
        {
            "name": "Leg_R",
            "time": [0.0, 0.0333, 0.0667, 0.1, 0.1333, 0.5],
            "transform": [
                [1.0, 3.1e-05, 2e-05, -0.0, -3.3e-05, 0.497606, 0.867403, 0.374854, 1.7e-05, -0.867404, 0.497606, 0.0, 0.0, 0.0, 0.0, 1.0],
                [1.0, 3.4e-05, 2.6e-05, 0.0, -3.6e-05, 0.350523, 0.936555, 0.374854, 2.2e-05, -0.936554, 0.350523, -0.0, 0.0, 0.0, 0.0, 1.0],
                [1.0, 3.6e-05, 3.7e-05, 0.0, -3.8e-05, 0.031337, 0.999509, 0.374854, 3.5e-05, -0.999509, 0.031337, -0.0, 0.0, 0.0, 0.0, 1.0],
                [1.0, 3.2e-05, 2.1e-05, -0.0, -3.4e-05, 0.480213, 0.877152, 0.374854, 1.7e-05, -0.877152, 0.480213, -0.0, 0.0, 0.0, 0.0, 1.0],
                [1.0, 1.8e-05, 7e-06, -0.0, -1.9e-05, 0.861229, 0.508216, 0.374854, 3e-06, -0.508216, 0.861229, 0.0, 0.0, 0.0, 0.0, 1.0],
                [1.0, 2.2e-05, 1e-05, -0.0, -2.4e-05, 0.783543, 0.621338, 0.374854, 6e-06, -0.621337, 0.783543, 0.0, 0.0, 0.0, 0.0, 1.0]
            ]
        },
        {
            "name": "Knee_R",
            "time": [0.0, 0.0333, 0.0667, 0.1, 0.1333, 0.5],
            "transform": [
                [1.0, 2.1e-05, 4e-06, -0.0, -7e-06, 0.501546, -0.865131, 0.374854, -2e-05, 0.865131, 0.501546, 0.0, 0.0, 0.0, 0.0, 1.0],
                [1.0, 2.4e-05, 5e-06, 0.0, -9e-06, 0.570191, -0.821513, 0.374854, -2.3e-05, 0.821512, 0.570191, -0.0, 0.0, 0.0, 0.0, 1.0],
                [1.0, 2.9e-05, 1e-05, 0.0, -1.3e-05, 0.69623, -0.717819, 0.374854, -2.8e-05, 0.717819, 0.69623, -0.0, 0.0, 0.0, 0.0, 1.0],
                [1.0, 2.1e-05, 4e-06, -0.0, -8e-06, 0.510146, -0.860088, 0.374854, -2e-05, 0.860088, 0.510146, -0.0, 0.0, 0.0, 0.0, 1.0],
                [1.0, 1.1e-05, -1e-06, -0.0, -3e-06, 0.263801, -0.964577, 0.374854, -1.1e-05, 0.964577, 0.263801, 0.0, 0.0, 0.0, 0.0, 1.0],
                [1.0, 1.4e-05, 0.0, -0.0, -4e-06, 0.329363, -0.944204, 0.374854, -1.3e-05, 0.944203, 0.329363, 0.0, 0.0, 0.0, 0.0, 1.0]
            ]
        },
        {
            "name": "Thigh_L",
            "time": [0.0, 0.0333, 0.0667, 0.1, 0.1333, 0.5],
            "transform": [
                [0.995833, -0.042636, 0.080615, -0.125006, -0.090522, -0.35496, 0.930489, -0.00283, -0.011057, -0.933909, -0.357341, -1.2e-05, 0.0, 0.0, 0.0, 1.0],
                [0.907281, -0.409515, 0.095595, -0.125006, -0.264997, -0.380253, 0.886106, -0.00283, -0.326524, -0.829279, -0.453517, -1.2e-05, 0.0, 0.0, 0.0, 1.0],
                [0.813396, -0.472674, 0.339067, -0.125006, -0.509357, -0.860256, 0.022675, -0.00283, 0.280966, -0.19115, -0.940489, -1.2e-05, 0.0, 0.0, 0.0, 1.0],
                [0.883697, -0.401529, -0.240528, -0.125006, -0.256178, -0.844998, 0.469415, -0.002831, -0.39173, -0.353203, -0.849585, -1.2e-05, 0.0, 0.0, 0.0, 1.0],
                [0.67256, -0.59372, -0.44177, -0.125006, -0.49556, -0.804672, 0.326993, -0.00283, -0.549622, -0.000999, -0.835414, -1.2e-05, 0.0, 0.0, 0.0, 1.0],
                [0.530501, -0.628516, -0.568803, -0.125006, -0.534288, -0.768862, 0.351266, -0.002831, -0.658107, 0.117557, -0.743691, -1.2e-05, 0.0, 0.0, 0.0, 1.0]
            ]
        },
        {
            "name": "Leg_L",
            "time": [0.0, 0.0333, 0.0667, 0.1, 0.1333, 0.5],
            "transform": [
                [1.0, 8e-06, 5e-06, -0.0, -9e-06, 0.646108, 0.763246, 0.374854, 3e-06, -0.763246, 0.646108, 0.0, 0.0, 0.0, 0.0, 1.0],
                [1.0, 9e-06, 6e-06, 0.0, -1e-05, 0.529022, 0.848608, 0.374854, 5e-06, -0.848607, 0.529022, -0.0, 0.0, 0.0, 0.0, 1.0],
                [1.0, 9e-06, 6e-06, -0.0, -1e-05, 0.571419, 0.820659, 0.374854, 4e-06, -0.820659, 0.571419, -0.0, 0.0, 0.0, 0.0, 1.0],
                [1.0, 1.1e-05, 1.1e-05, 0.0, -1.2e-05, 0.123101, 0.992393, 0.374854, 9e-06, -0.992394, 0.123101, 0.0, 0.0, 0.0, 0.0, 1.0],
                [1.0, 8e-06, 5e-06, 0.0, -9e-06, 0.64426, 0.764806, 0.374854, 3e-06, -0.764807, 0.64426, -0.0, 0.0, 0.0, 0.0, 1.0],
                [1.0, 9e-06, 6e-06, -0.0, -1e-05, 0.567874, 0.823115, 0.374854, 4e-06, -0.823115, 0.567874, 0.0, 0.0, 0.0, 0.0, 1.0]
            ]
        },
        {
            "name": "Knee_L",
            "time": [0.0, 0.0333, 0.0667, 0.1, 0.1333, 0.5],
            "transform": [
                [1.0, 5e-06, 1e-06, 0.0, -2e-06, 0.421016, -0.907053, 0.374854, -5e-06, 0.907054, 0.421016, 0.0, 0.0, 0.0, 0.0, 1.0],
                [1.0, 6e-06, 1e-06, -0.0, -2e-06, 0.485626, -0.874167, 0.374854, -6e-06, 0.874167, 0.485625, 0.0, 0.0, 0.0, 0.0, 1.0],
                [1.0, 6e-06, 1e-06, -0.0, -2e-06, 0.463274, -0.886215, 0.374854, -5e-06, 0.886215, 0.463274, -0.0, 0.0, 0.0, 0.0, 1.0],
                [1.0, 8e-06, 2e-06, -0.0, -4e-06, 0.662458, -0.749099, 0.374854, -8e-06, 0.749099, 0.662458, 0.0, 0.0, 0.0, 0.0, 1.0],
                [1.0, 5e-06, 0.0, 0.0, -2e-06, 0.422113, -0.906543, 0.374854, -5e-06, 0.906544, 0.422113, -0.0, 0.0, 0.0, 0.0, 1.0],
                [1.0, 6e-06, 1e-06, -0.0, -2e-06, 0.465184, -0.885214, 0.374854, -6e-06, 0.885214, 0.465184, -0.0, 0.0, 0.0, 0.0, 1.0]
            ]
        },
        {
            "name": "Torso",
            "time": [0.0, 0.0333, 0.0667, 0.1, 0.1333, 0.5],
            "transform": [
                [0.956473, 0.290467, -0.028069, -0.0, -0.290467, 0.938373, -0.18731, 0.05, -0.028068, 0.18731, 0.981899, 0.0, 0.0, 0.0, 0.0, 1.0],
                [0.806316, 0.590703, -0.030389, 0.0, -0.590703, 0.801548, -0.092679, 0.05, -0.030388, 0.092679, 0.995232, -0.0, 0.0, 0.0, 0.0, 1.0],
                [0.833737, 0.523862, 0.174503, -0.0, -0.523862, 0.650585, 0.549825, 0.05, 0.174503, -0.549825, 0.816848, -0.0, 0.0, 0.0, 0.0, 1.0],
                [0.954566, -0.273994, -0.117176, -0.0, 0.273995, 0.652364, 0.706646, 0.05, -0.117175, -0.706646, 0.697798, -0.0, 0.0, 0.0, 0.0, 1.0],
                [0.840909, -0.53634, -0.072194, 0.0, 0.53634, 0.808148, 0.243384, 0.05, -0.072193, -0.243385, 0.96724, -0.0, 0.0, 0.0, 0.0, 1.0],
                [0.85957, -0.510234, -0.028289, -0.0, 0.510234, 0.853872, 0.102781, 0.05, -0.028288, -0.102782, 0.994302, -0.0, 0.0, 0.0, 0.0, 1.0]
            ]
        },
        {
            "name": "Chest",
            "time": [0.0, 0.0333, 0.0667, 0.1, 0.1333, 0.5],
            "transform": [
                [1.000001, -1e-06, 1e-06, -0.0, 1e-06, 1.0, 1e-06, 0.35, -1e-06, -1e-06, 1.0, 0.0, 0.0, 0.0, 0.0, 1.0],
                [1.0, -1e-06, 1e-06, -0.0, 1e-06, 1.0, 1e-06, 0.35, -1e-06, -1e-06, 1.0, 0.0, 0.0, 0.0, 0.0, 1.0],
                [1.0, -1e-06, 1e-06, -0.0, 1e-06, 1.0, 1e-06, 0.35, -1e-06, -1e-06, 1.0, -0.0, 0.0, 0.0, 0.0, 1.0],
                [1.0, -1e-06, 1e-06, -0.0, 1e-06, 1.0, 1e-06, 0.35, -1e-06, -1e-06, 1.0, 0.0, 0.0, 0.0, 0.0, 1.0],
                [1.0, -1e-06, 1e-06, 0.0, 1e-06, 1.0, 1e-06, 0.35, -1e-06, -1e-06, 1.0, 0.0, 0.0, 0.0, 0.0, 1.0],
                [1.0, -1e-06, 1e-06, 0.0, 1e-06, 1.0, 1e-06, 0.35, -1e-06, -1e-06, 1.0, 0.0, 0.0, 0.0, 0.0, 1.0]
            ]
        },
        {
            "name": "Head",
            "time": [0.0, 0.0333, 0.0667, 0.1, 0.1333, 0.5],
            "transform": [
                [0.597749, 0.02789, -0.801198, 0.0, 0.398, 0.857213, 0.326776, 0.326028, 0.695911, -0.514207, 0.501298, -0.0, 0.0, 0.0, 0.0, 1.0],
                [0.334185, -0.20728, -0.919432, -0.0, 0.393773, 0.917004, -0.063608, 0.326029, 0.856308, -0.340791, 0.38807, -0.0, 0.0, 0.0, 0.0, 1.0],
                [0.720393, -0.267982, -0.639703, 0.0, 0.039322, 0.936636, -0.34809, 0.326028, 0.692451, 0.225607, 0.685284, -0.0, 0.0, 0.0, 0.0, 1.0],
                [0.904537, 0.0491, 0.423558, 0.0, 0.101883, 0.939687, -0.326509, 0.326028, -0.414044, 0.338493, 0.844979, 0.0, 0.0, 0.0, 0.0, 1.0],
                [0.235531, -0.057695, 0.970153, -0.0, 0.031112, 0.998172, 0.051809, 0.326029, -0.971369, 0.01798, 0.236895, -0.0, 0.0, 0.0, 0.0, 1.0],
                [0.052729, -0.127213, 0.990473, -0.0, -0.010798, 0.991722, 0.127948, 0.326029, -0.99855, -0.017442, 0.050919, 0.0, 0.0, 0.0, 0.0, 1.0]
            ]
        },
        {
            "name": "Shoulder_R",
            "time": [0.0, 0.0333, 0.0667, 0.1, 0.1333, 0.5],
            "transform": [
                [-0.000356, 0.945368, 0.326005, 5e-06, -0.008352, -0.325997, 0.945334, 0.326029, 0.999965, -0.002386, 0.008012, 0.000947, 0.0, 0.0, 0.0, 1.0],
                [0.277241, 0.9536, -0.117406, 5e-06, 0.062467, 0.104048, 0.992609, 0.326028, 0.958768, -0.282526, -0.030722, 0.000947, 0.0, 0.0, 0.0, 1.0],
                [0.305027, 0.936338, -0.17387, 5e-06, 0.257853, 0.094551, 0.961547, 0.326028, 0.916772, -0.33813, -0.212597, 0.000947, 0.0, 0.0, 0.0, 1.0],
                [0.249634, 0.913459, 0.321363, 5e-06, -0.08277, -0.310527, 0.946954, 0.326028, 0.964796, -0.262991, -0.001911, 0.000947, 0.0, 0.0, 0.0, 1.0],
                [0.000759, 0.979842, 0.199771, 5e-06, -0.008657, -0.199757, 0.979807, 0.326028, 0.999962, -0.002473, 0.008331, 0.000947, 0.0, 0.0, 0.0, 1.0],
                [0.000759, 0.979842, 0.199771, 5e-06, -0.008657, -0.199757, 0.979807, 0.326029, 0.999962, -0.002473, 0.008331, 0.000947, 0.0, 0.0, 0.0, 1.0]
            ]
        },
        {
            "name": "Arm_R",
            "time": [0.0, 0.0333, 0.0667, 0.1, 0.1333, 0.5],
            "transform": [
                [-0.261178, -0.964743, 0.032482, -0.0, -0.559934, 0.124005, -0.819204, 0.38271, 0.786294, -0.232146, -0.572581, 0.0, 0.0, 0.0, 0.0, 1.0],
                [-0.221726, -0.795016, -0.564612, -0.0, -0.317183, 0.606339, -0.72921, 0.38271, 0.92208, 0.0174, -0.386607, -0.0, 0.0, 0.0, 0.0, 1.0],
                [0.436958, -0.767852, -0.468476, -0.0, -0.696187, 0.041081, -0.716683, 0.38271, 0.569552, 0.639308, -0.516619, -0.0, 0.0, 0.0, 0.0, 1.0],
                [0.645971, -0.08063, -0.75909, 0.0, -0.237131, 0.924015, -0.299942, 0.38271, 0.725596, 0.373758, 0.577767, 0.0, 0.0, 0.0, 0.0, 1.0],
                [0.386859, -0.027745, -0.921721, -0.0, 0.165578, 0.985391, 0.039834, 0.38271, 0.907151, -0.168027, 0.385801, 0.0, 0.0, 0.0, 0.0, 1.0],
                [0.324081, 0.01378, -0.945928, 0.0, 0.099984, 0.993795, 0.048733, 0.38271, 0.94073, -0.110371, 0.320693, -0.0, 0.0, 0.0, 0.0, 1.0]
            ]
        },
        {
            "name": "Hand_R",
            "time": [0.0, 0.0333, 0.0667, 0.1, 0.1333, 0.5],
            "transform": [
                [1.0, 0.0, 0.0, -0.0, -0.0, 0.997913, -0.06457, 0.329931, -0.0, 0.06457, 0.997914, -0.0, 0.0, 0.0, 0.0, 1.0],
                [1.0, -7e-06, 0.0, 0.0, 7e-06, 0.997913, -0.06457, 0.329931, 0.0, 0.06457, 0.997913, -0.0, 0.0, 0.0, 0.0, 1.0],
                [1.0, -9e-06, 0.0, 0.0, 9e-06, 0.997913, -0.06457, 0.329931, 0.0, 0.06457, 0.997913, -0.0, 0.0, 0.0, 0.0, 1.0],
                [1.0, -9e-06, 0.0, 0.0, 9e-06, 0.997913, -0.06457, 0.329931, 0.0, 0.06457, 0.997913, -0.0, 0.0, 0.0, 0.0, 1.0],
                [1.0, -6e-06, 0.0, -0.0, 6e-06, 0.997913, -0.06457, 0.329931, 0.0, 0.06457, 0.997914, -0.0, 0.0, 0.0, 0.0, 1.0],
                [1.0, -5e-06, 0.0, 0.0, 5e-06, 0.997913, -0.06457, 0.329931, 0.0, 0.06457, 0.997913, -0.0, 0.0, 0.0, 0.0, 1.0]
            ]
        },
        {
            "name": "Tool_R",
            "time": [0.0, 0.0333, 0.0667, 0.1, 0.1333, 0.5],
            "transform": [
                [0.36662, -0.929867, 0.030626, -0.02, -0.809748, -0.302704, 0.502672, 0.291597, -0.458148, -0.209089, -0.863935, -0.0, 0.0, 0.0, 0.0, 1.0],
                [0.989259, -0.038271, 0.141071, -0.02, 0.043086, -0.845887, -0.531621, 0.291597, 0.139676, 0.531989, -0.835153, 0.0, 0.0, 0.0, 0.0, 1.0],
                [0.9841, -0.11168, 0.138114, -0.02, 0.11635, -0.182198, -0.976355, 0.291597, 0.134203, 0.9769, -0.166307, 0.0, 0.0, 0.0, 0.0, 1.0],
                [0.998315, 0.022788, -0.053363, -0.02, -0.024604, -0.666641, -0.744974, 0.291597, -0.05255, 0.745031, -0.664958, -0.0, 0.0, 0.0, 0.0, 1.0],
                [0.997701, -0.012345, 0.066644, -0.02, 0.014623, -0.920905, -0.389513, 0.291597, 0.066181, 0.389592, -0.918607, 0.0, 0.0, 0.0, 0.0, 1.0],
                [0.987063, -0.021877, 0.158832, -0.02, 0.027312, -0.953226, -0.301023, 0.291597, 0.157989, 0.301467, -0.940297, -0.0, 0.0, 0.0, 0.0, 1.0]
            ]
        },
        {
            "name": "Elbow_R",
            "time": [0.0, 0.0333, 0.0667, 0.1, 0.1333, 0.5],
            "transform": [
                [-1.000001, -0.0, -0.0, -0.0, 0.0, 0.03031, -0.999542, 0.329931, 0.0, -0.999542, -0.030309, 0.0, 0.0, 0.0, 0.0, 1.0],
                [-1.0, -0.0, -0.0, 0.0, 0.0, 0.03031, -0.999541, 0.329931, 0.0, -0.999541, -0.030309, 0.0, 0.0, 0.0, 0.0, 1.0],
                [-1.000001, -0.0, -0.0, -0.0, 0.0, 0.030309, -0.999541, 0.329931, 0.0, -0.999541, -0.030309, -0.0, 0.0, 0.0, 0.0, 1.0],
                [-1.0, 0.0, -0.0, 0.0, 0.0, 0.03031, -0.999541, 0.329931, 0.0, -0.999542, -0.03031, 0.0, 0.0, 0.0, 0.0, 1.0],
                [-1.000001, -0.0, -0.0, -0.0, 0.0, 0.030309, -0.999541, 0.329931, 0.0, -0.999542, -0.030309, -0.0, 0.0, 0.0, 0.0, 1.0],
                [-1.0, 0.0, -0.0, 0.0, 0.0, 0.030309, -0.999541, 0.329931, -0.0, -0.999541, -0.030309, 0.0, 0.0, 0.0, 0.0, 1.0]
            ]
        },
        {
            "name": "Shoulder_L",
            "time": [0.0, 0.0333, 0.0667, 0.1, 0.1333, 0.5],
            "transform": [
                [-0.002816, -0.941179, -0.337899, 0.0, 0.007842, -0.33791, 0.941146, 0.326028, -0.999965, 0.0, 0.008332, -0.0, 0.0, 0.0, 0.0, 1.0],
                [0.075584, -0.919951, -0.384678, 0.0, 0.031874, -0.383355, 0.923051, 0.326029, -0.99663, -0.082029, 0.000347, -0.0, 0.0, 0.0, 0.0, 1.0],
                [0.149773, -0.891412, -0.427729, 0.0, 0.058631, -0.42384, 0.903837, 0.326028, -0.986981, -0.160449, -0.011216, 0.0, 0.0, 0.0, 0.0, 1.0],
                [-0.001976, -0.971478, -0.23712, -0.0, 0.008095, -0.237129, 0.971445, 0.326028, -0.999965, 0.0, 0.008332, 0.0, 0.0, 0.0, 0.0, 1.0],
                [-0.254263, -0.939287, -0.230413, -0.0, -0.048447, -0.225574, 0.973021, 0.326029, -0.965921, 0.258566, 0.011849, -0.0, 0.0, 0.0, 0.0, 1.0],
                [-0.254263, -0.939287, -0.230413, -0.0, -0.048447, -0.225574, 0.973021, 0.326029, -0.965921, 0.258566, 0.011849, 0.0, 0.0, 0.0, 0.0, 1.0]
            ]
        },
        {
            "name": "Arm_L",
            "time": [0.0, 0.0333, 0.0667, 0.1, 0.1333, 0.5],
            "transform": [
                [-0.629127, 0.774199, 0.069378, -0.0, 0.485258, 0.460912, -0.743023, 0.382713, -0.607226, -0.43379, -0.665659, -0.0, 0.0, 0.0, 0.0, 1.0],
                [-0.783721, 0.318922, 0.532982, -0.0, -0.211059, 0.6703, -0.711443, 0.382712, -0.584153, -0.670064, -0.458016, 0.0, 0.0, 0.0, 0.0, 1.0],
                [0.063919, -0.309346, 0.948799, -0.0, -0.789218, 0.566212, 0.237776, 0.382713, -0.610777, -0.764008, -0.207949, 0.0, 0.0, 0.0, 0.0, 1.0],
                [0.101459, -0.747043, 0.656987, 0.0, -0.750282, 0.376206, 0.543641, 0.382713, -0.653286, -0.548082, -0.522325, 0.0, 0.0, 0.0, 0.0, 1.0],
                [0.142964, -0.703847, 0.695815, -0.0, -0.540975, 0.533152, 0.650457, 0.382713, -0.828798, -0.46941, -0.304543, -0.0, 0.0, 0.0, 0.0, 1.0],
                [0.200681, -0.83689, 0.509255, -0.0, -0.520915, 0.349092, 0.778961, 0.382712, -0.829683, -0.421601, -0.365893, 0.0, 0.0, 0.0, 0.0, 1.0]
            ]
        },
        {
            "name": "Hand_L",
            "time": [0.0, 0.0333, 0.0667, 0.1, 0.1333, 0.5],
            "transform": [
                [1.0, 6e-06, -7e-06, 0.0, -6e-06, -0.270789, -0.962639, 0.329931, -8e-06, 0.962639, -0.270789, -0.0, 0.0, 0.0, 0.0, 1.0],
                [1.0, 6e-06, -5e-06, -0.0, -6e-06, 0.161541, -0.986866, 0.329931, -5e-06, 0.986866, 0.16154, 0.0, 0.0, 0.0, 0.0, 1.0],
                [1.0, 6e-06, -5e-06, 0.0, -6e-06, 0.180803, -0.98352, 0.329931, -5e-06, 0.983519, 0.180803, -0.0, 0.0, 0.0, 0.0, 1.0],
                [1.0, 6e-06, -6e-06, 0.0, -6e-06, -0.089762, -0.995964, 0.329931, -7e-06, 0.995963, -0.089762, -0.0, 0.0, 0.0, 0.0, 1.0],
                [1.0, 6e-06, -6e-06, -0.0, -6e-06, -0.094561, -0.995519, 0.329931, -7e-06, 0.995519, -0.094561, 0.0, 0.0, 0.0, 0.0, 1.0],
                [1.0, 6e-06, -6e-06, 0.0, -6e-06, -0.028059, -0.999607, 0.329931, -6e-06, 0.999606, -0.028059, -0.0, 0.0, 0.0, 0.0, 1.0]
            ]
        },
        {
            "name": "Tool_L",
            "time": [0.0, 0.0333, 0.0667, 0.1, 0.1333, 0.5],
            "transform": [
                [-0.190071, -0.73643, 0.649265, 0.02, 0.295624, -0.673559, -0.677441, 0.291597, 0.936206, 0.063176, 0.345729, -0.0, 0.0, 0.0, 0.0, 1.0],
                [0.664415, -0.381361, 0.642743, 0.02, 0.403178, -0.541239, -0.737908, 0.291597, 0.629287, 0.749416, -0.205849, -0.0, 0.0, 0.0, 0.0, 1.0],
                [0.801734, -0.264518, 0.53596, 0.02, 0.282742, -0.62219, -0.730026, 0.291597, 0.526574, 0.736825, -0.424038, -0.0, 0.0, 0.0, 0.0, 1.0],
                [0.83934, -0.168555, 0.516815, 0.02, 0.186179, -0.804085, -0.56461, 0.291597, 0.510731, 0.57012, -0.64352, 0.0, 0.0, 0.0, 0.0, 1.0],
                [0.588794, -0.402412, 0.70099, 0.02, 0.426215, -0.582312, -0.692282, 0.291597, 0.686777, 0.706384, -0.171348, -0.0, 0.0, 0.0, 0.0, 1.0],
                [0.608748, -0.380472, 0.696181, 0.02, 0.404122, -0.606425, -0.684788, 0.291597, 0.682723, 0.698206, -0.215403, -0.0, 0.0, 0.0, 0.0, 1.0]
            ]
        },
        {
            "name": "Elbow_L",
            "time": [0.0, 0.0333, 0.0667, 0.1, 0.1333, 0.5],
            "transform": [
                [-1.0, 0.0, -0.0, 0.0, 1e-06, 0.795911, -0.605414, 0.329931, 0.0, -0.605414, -0.795911, -0.0, 0.0, 0.0, 0.0, 1.0],
                [-1.0, 0.0, -0.0, 0.0, 1e-06, 0.645959, -0.763372, 0.329931, 0.0, -0.763372, -0.645959, 0.0, 0.0, 0.0, 0.0, 1.0],
                [-1.0, -0.0, -0.0, 0.0, 0.0, 0.638465, -0.76965, 0.329931, 0.0, -0.76965, -0.638466, -0.0, 0.0, 0.0, 0.0, 1.0],
                [-1.000001, 0.0, -1e-06, 0.0, 1e-06, 0.736815, -0.676096, 0.329931, 0.0, -0.676096, -0.736814, -0.0, 0.0, 0.0, 0.0, 1.0],
                [-1.0, 0.0, -1e-06, -0.0, 0.0, 0.738441, -0.674318, 0.329931, 0.0, -0.674318, -0.738441, 0.0, 0.0, 0.0, 0.0, 1.0],
                [-1.0, 0.0, -0.0, 0.0, 0.0, 0.715567, -0.698544, 0.329931, 0.0, -0.698544, -0.715567, 0.0, 0.0, 0.0, 0.0, 1.0]
            ]
        }
    ]
}